#Thorlabs FTS
[SpectrumHeader]
#Date;20181218
#Time;19552279
#GMTTime;19552279
#XAxisUnit;nm_air
#YAxisUnit;cal_intensity
#Average;1
#RollingAverage;0
#SpectrumSmooth;0
#SSmoothParam1;0
#SSmoothParam2;0
#SSmoothParam3;0
#SSmoothParam4;0
#IntegrationTime;500.000000
#TriggerMode;0
#InterferometerSerial;M00461244
#Source;
#AirMeasureOpt;0
#WnrMin;9746.767578
#WnrMax;49972.015625
#Length;3648
#Resolution;0.0000000000e+000
#ADC;0
#Instrument;0
#InstrModel;CCS200
#Type;emission
#AirTemp;0.00
#AirPressure;0.00
#AirRelHum;0.00
#Name;
#Comment;""
[Data]
2.001119995e+002;-1.232470851e-003
2.003113098e+002;3.809455375e-004
2.005106506e+002;9.994218126e-004
2.007100067e+002;7.533758413e-003
2.009093781e+002;1.994362101e-003
2.011087646e+002;-1.044239034e-003
2.013081818e+002;5.006072577e-003
2.015076294e+002;-2.913112985e-004
2.017070770e+002;9.725315613e-004
2.019065552e+002;3.930461593e-003
2.021060486e+002;7.668209728e-003
2.023055725e+002;1.241434366e-003
2.025051117e+002;3.742229892e-003
2.027046661e+002;2.733844449e-004
2.029042511e+002;-1.877837465e-003
2.031038513e+002;5.691774422e-004
2.033034668e+002;2.733844449e-004
2.035031128e+002;-4.082839936e-003
2.037027740e+002;1.295214868e-003
2.039024506e+002;-6.677751662e-004
2.041021576e+002;6.243025418e-003
2.043018799e+002;-4.929883653e-005
2.045016174e+002;-9.635681636e-004
2.047013702e+002;-2.415643074e-003
2.049011536e+002;-1.313141780e-003
2.051009674e+002;-2.738326322e-003
2.053007813e+002;1.967471791e-003
2.055006256e+002;3.957352135e-003
2.057005005e+002;8.044674061e-003
2.059003754e+002;2.370825736e-003
2.061002808e+002;2.881741151e-003
2.063002167e+002;1.833020360e-003
2.065001526e+002;2.774179913e-003
2.067001190e+002;1.026312122e-003
2.069001160e+002;5.113633815e-003
2.071001129e+002;-4.728206433e-003
2.073001404e+002;4.764060024e-003
2.075001984e+002;9.187510586e-004
2.077002563e+002;4.575828556e-003
2.079003448e+002;-1.568599400e-004
2.081004486e+002;4.602718633e-003
2.083005829e+002;5.516987760e-003
2.085007324e+002;1.725459239e-003
2.087008972e+002;-3.598815063e-003
2.089010925e+002;8.649704978e-004
2.091013031e+002;3.123753471e-003
2.093015289e+002;-2.765216632e-003
2.095017853e+002;2.962411847e-003
2.097020569e+002;4.441376776e-003
2.099023438e+002;8.044674061e-003
2.101026611e+002;-2.684545703e-003
2.103029785e+002;-3.571924753e-003
2.105033417e+002;-4.190401174e-003
2.107037048e+002;3.527107649e-003
2.109040985e+002;-5.871042958e-004
2.111045074e+002;3.634668654e-003
2.113049469e+002;1.033034734e-002
2.115054016e+002;2.559057670e-003
2.117058716e+002;-1.393812592e-003
2.119063568e+002;9.187510586e-004
2.121068726e+002;-1.501373597e-003
2.123074036e+002;-2.630765084e-003
2.125079651e+002;5.194304511e-003
2.127085419e+002;-6.395403761e-003
2.129091339e+002;2.801070223e-003
2.131097412e+002;3.204424400e-003
2.133103790e+002;-6.408848567e-004
2.135110321e+002;-3.383692820e-003
2.137117157e+002;-1.178690349e-003
2.139123993e+002;-2.523204079e-003
2.141131134e+002;-1.555154216e-003
2.143138580e+002;1.859910670e-003
2.145146027e+002;4.078358179e-004
2.147153778e+002;-1.286251470e-003
2.149161835e+002;7.103513926e-003
2.151169891e+002;-3.679485759e-003
2.153178253e+002;1.967471791e-003
2.155186920e+002;1.617898117e-003
2.157195587e+002;4.952291958e-003
2.159204559e+002;7.533758413e-003
2.161213837e+002;4.011132754e-003
2.163223114e+002;-1.205580658e-003
2.165232697e+002;-5.319792777e-003
2.167242432e+002;3.796010278e-003
2.169252472e+002;3.016192466e-003
2.171262665e+002;5.221195053e-003
2.173273010e+002;-1.030793865e-004
2.175283508e+002;-9.635681636e-004
2.177294312e+002;6.350586656e-003
2.179305267e+002;3.539208323e-002
2.181316528e+002;1.374541223e-002
2.183327789e+002;-1.877837465e-003
2.185339355e+002;-3.222351195e-003
2.187351227e+002;-4.163510632e-003
2.189363098e+002;-5.602140445e-004
2.191375275e+002;4.253144842e-003
2.193387756e+002;7.022843231e-003
2.195400238e+002;-3.894608002e-003
2.197413025e+002;2.827960532e-003
2.199425964e+002;1.833020360e-003
2.201439209e+002;-1.474483404e-003
2.203452606e+002;4.078358179e-004
2.205466156e+002;-4.190401174e-003
2.207479858e+002;-3.464363748e-003
2.209493866e+002;8.528698236e-003
2.211508026e+002;-3.249241505e-003
2.213522491e+002;3.271650057e-004
2.215536957e+002;-2.066069515e-003
2.217551880e+002;-3.491253825e-003
2.219566803e+002;-2.173630521e-003
2.221582031e+002;-1.501373597e-003
2.223597260e+002;-1.716495841e-003
2.225612946e+002;1.389330864e-004
2.227628632e+002;7.721990347e-003
2.229644623e+002;5.274975672e-003
2.231660767e+002;1.160763553e-003
2.233677216e+002;-5.050889682e-003
2.235693817e+002;1.671678736e-003
2.237710571e+002;-1.151800039e-003
2.239727478e+002;7.211075164e-003
2.241744690e+002;4.078358179e-004
2.243762054e+002;-9.366779123e-004
2.245779572e+002;6.673269905e-003
2.247797394e+002;-5.992049351e-003
2.249815369e+002;-2.375307522e-004
2.251833496e+002;-3.975278698e-003
2.253851929e+002;3.365766024e-003
2.255870514e+002;-4.526529519e-004
2.257889252e+002;5.382536445e-003
2.259908142e+002;3.661558963e-003
2.261927338e+002;5.153969396e-004
2.263946686e+002;8.515253285e-005
2.265966187e+002;5.153969396e-004
2.267985992e+002;3.043082776e-003
2.270005951e+002;1.187653746e-003
2.272026062e+002;-1.716495841e-003
2.274046478e+002;9.926992469e-003
2.276067047e+002;2.720399294e-003
2.278087769e+002;5.866561551e-003
2.280108643e+002;-1.286251470e-003
2.282129822e+002;3.822900588e-003
2.284151154e+002;-6.946654175e-004
2.286172791e+002;-7.215556689e-004
2.288194427e+002;-3.182015789e-004
2.290216370e+002;1.564117614e-003
2.292238617e+002;3.540552862e-004
2.294260864e+002;2.464941936e-004
2.296283417e+002;-6.677751662e-004
2.298306122e+002;5.153969396e-004
2.300329132e+002;-1.635825029e-003
2.302352142e+002;1.725459239e-003
2.304375610e+002;3.123753471e-003
2.306399078e+002;7.426197175e-003
2.308422852e+002;1.389330864e-004
2.310446625e+002;7.305191248e-004
2.312470856e+002;2.370825736e-003
2.314495087e+002;3.123753471e-003
2.316519623e+002;5.705219693e-003
2.318544312e+002;-1.124909846e-003
2.320569305e+002;8.111899369e-004
2.322594299e+002;-6.408848567e-004
2.324619598e+002;-8.560070419e-004
2.326645203e+002;-5.871042958e-004
2.328670807e+002;-5.319792777e-003
2.330696716e+002;-2.106404863e-004
2.332722778e+002;8.958943188e-003
2.334749146e+002;4.078358179e-004
2.336775665e+002;-5.534914788e-003
2.338802338e+002;2.021252178e-003
2.340829163e+002;1.725459239e-003
2.342856293e+002;-2.872777637e-003
2.344883575e+002;2.881741151e-003
2.346911011e+002;-4.539974499e-003
2.348938599e+002;2.263264731e-003
2.350966492e+002;9.550528601e-003
2.352994537e+002;5.436317064e-003
2.355022736e+002;-1.071129227e-003
2.357051239e+002;5.678329617e-003
2.359079895e+002;3.580888268e-003
2.361108704e+002;2.317045350e-003
2.363137817e+002;4.629608709e-003
2.365167084e+002;4.656499252e-003
2.367196503e+002;2.881741151e-003
2.369226074e+002;2.774179913e-003
2.371255951e+002;2.801070223e-003
2.373285980e+002;-7.753362297e-004
2.375316162e+002;3.540552862e-004
2.377346649e+002;1.483446802e-003
2.379377136e+002;-8.560070419e-004
2.381408081e+002;4.844731186e-003
2.383439026e+002;6.229580031e-004
2.385470276e+002;4.575828556e-003
2.387501678e+002;3.540552862e-004
2.389533234e+002;6.027902942e-003
2.391564941e+002;3.338875715e-003
2.393596954e+002;1.859910670e-003
2.395629120e+002;7.372417022e-003
2.397661591e+002;3.742229892e-003
2.399694061e+002;1.510337112e-003
2.401726837e+002;5.785890855e-003
2.403759766e+002;-1.770276343e-003
2.405792999e+002;2.451496664e-003
2.407826385e+002;3.742229892e-003
2.409859924e+002;2.290155040e-003
2.411893616e+002;-1.232470851e-003
2.413927612e+002;-6.408848567e-004
2.415961761e+002;7.305191248e-004
2.417996063e+002;-1.071129227e-003
2.420030518e+002;1.940581482e-003
2.422065277e+002;6.229580031e-004
2.424100189e+002;4.064912908e-003
2.426135254e+002;5.866561551e-003
2.428170624e+002;6.027902942e-003
2.430206146e+002;-9.904584149e-004
2.432241821e+002;1.698569045e-003
2.434277649e+002;-2.496313769e-003
2.436313782e+002;-9.097876027e-004
2.438350067e+002;1.671678736e-003
2.440386505e+002;-2.106404863e-004
2.442423248e+002;-6.139946054e-004
2.444460144e+002;-3.168570576e-003
2.446497192e+002;-5.602140445e-004
2.448534393e+002;5.328755826e-003
2.450571899e+002;4.737169947e-003
2.452609558e+002;-1.837502059e-004
2.454647369e+002;1.537227305e-003
2.456685333e+002;4.952291958e-003
2.458723602e+002;2.397716045e-003
2.460762024e+002;8.743820712e-003
2.462800598e+002;-2.106404863e-004
2.464839478e+002;6.767385639e-004
2.466878510e+002;-1.555154216e-003
2.468917694e+002;-7.484459784e-004
2.470957031e+002;1.927136327e-004
2.472996674e+002;-5.602140445e-004
2.475036316e+002;-2.308081836e-003
2.477076416e+002;2.774179913e-003
2.479116516e+002;-3.114790190e-003
2.481156921e+002;8.649704978e-004
2.483197479e+002;4.885066301e-004
2.485238190e+002;1.940581482e-003
2.487279205e+002;8.501808159e-003
2.489320221e+002;3.002747253e-004
2.491361542e+002;-1.071129227e-003
2.493403168e+002;7.426197175e-003
2.495444794e+002;1.268324559e-003
2.497486725e+002;5.839671008e-003
2.499528809e+002;5.678329617e-003
2.501571198e+002;4.078358179e-004
2.503613586e+002;1.617898117e-003
2.505656281e+002;2.666618908e-003
2.507699127e+002;4.629608709e-003
2.509742279e+002;4.952291958e-003
2.511785583e+002;-9.366779123e-004
2.513829041e+002;1.106982934e-003
2.515872650e+002;1.752349548e-003
2.517916412e+002;2.075032797e-003
2.519960480e+002;3.043082776e-003
2.522004700e+002;5.691774422e-004
2.524049225e+002;-2.281191526e-003
2.526093750e+002;4.925401881e-003
2.528138580e+002;7.345526479e-003
2.530183563e+002;1.779239858e-003
2.532228851e+002;-2.657655394e-003
2.534274139e+002;-8.560070419e-004
2.536319733e+002;-2.254301216e-003
2.538365479e+002;3.204424400e-003
2.540411530e+002;-4.647535738e-003
2.542457581e+002;3.580888268e-003
2.544503937e+002;-2.106404863e-004
2.546550446e+002;3.634668654e-003
2.548597260e+002;4.925401881e-003
2.550644226e+002;1.375885680e-003
2.552691345e+002;3.849790897e-003
2.554738617e+002;4.790950567e-003
2.556786041e+002;-1.568599400e-004
2.558833771e+002;-1.044239034e-003
2.560881653e+002;-6.408848567e-004
2.562929688e+002;-1.931618084e-003
2.564978027e+002;2.801070223e-003
2.567026367e+002;4.441376776e-003
2.569075012e+002;2.424606355e-003
2.571123962e+002;-2.496313769e-003
2.573172913e+002;-1.568599400e-004
2.575222168e+002;5.732110236e-003
2.577271729e+002;7.345526479e-003
2.579321289e+002;-3.988723911e-004
2.581371155e+002;-2.711436013e-003
2.583421021e+002;-2.146740211e-003
2.585471191e+002;-3.571924753e-003
2.587521667e+002;-1.044239034e-003
2.589572144e+002;-1.030793865e-004
2.591622925e+002;1.510337112e-003
2.593674011e+002;6.404366810e-003
2.595725098e+002;4.548938014e-003
2.597776489e+002;5.960677518e-004
2.599827881e+002;-2.913112985e-004
2.601879578e+002;1.187653746e-003
2.603931580e+002;8.555589244e-003
2.605983582e+002;5.826225970e-005
2.608035889e+002;1.160763553e-003
2.610088501e+002;5.140523892e-003
2.612141113e+002;6.498483126e-004
2.614194031e+002;-4.526529519e-004
2.616246948e+002;2.196039131e-004
2.618300171e+002;5.759000313e-003
2.620353699e+002;7.345526479e-003
2.622407227e+002;-7.753362297e-004
2.624461060e+002;-1.904727775e-003
2.626515198e+002;5.153969396e-004
2.628569336e+002;-1.985398587e-003
2.630623779e+002;2.666618908e-003
2.632678223e+002;-2.657655394e-003
2.634732971e+002;3.688449273e-003
2.636788025e+002;8.340466768e-003
2.638843079e+002;-3.383692820e-003
2.640898438e+002;1.833020360e-003
2.642954102e+002;-4.526529519e-004
2.645009766e+002;-9.635681636e-004
2.647065735e+002;-3.195460886e-003
2.649121704e+002;-2.281191526e-003
2.651177979e+002;2.451496664e-003
2.653234558e+002;3.150643781e-003
2.655291138e+002;-3.719821398e-004
2.657348022e+002;4.952291958e-003
2.659405212e+002;-1.205580658e-003
2.661462402e+002;-1.770276343e-003
2.663519897e+002;2.370825736e-003
2.665577393e+002;1.214544056e-003
2.667635193e+002;3.285095096e-003
2.669693298e+002;2.612838289e-003
2.671751404e+002;4.925401881e-003
2.673809814e+002;6.162354723e-003
2.675868225e+002;1.859910670e-003
2.677927246e+002;1.725459239e-003
2.679985962e+002;2.962411847e-003
2.682045288e+002;-5.064334837e-004
2.684104614e+002;5.167414434e-003
2.686163940e+002;1.268324559e-003
2.688223877e+002;-3.988723911e-004
2.690283508e+002;4.414486699e-003
2.692343750e+002;3.930461593e-003
2.694403992e+002;8.905162103e-003
2.696464539e+002;1.456556492e-003
2.698525085e+002;2.801070223e-003
2.700585938e+002;9.147174656e-003
2.702647095e+002;-8.291167906e-004
2.704708252e+002;3.002747253e-004
2.706769714e+002;4.226254765e-003
2.708831177e+002;2.343935659e-003
2.710892944e+002;5.920342170e-003
2.712955017e+002;-1.232470851e-003
2.715017090e+002;2.075032797e-003
2.717079468e+002;-2.240856156e-005
2.719141846e+002;4.629608709e-003
2.721204529e+002;2.612838289e-003
2.723267517e+002;-1.340031973e-003
2.725330811e+002;4.495157395e-003
2.727394104e+002;1.389330864e-004
2.729457397e+002;-1.958508277e-003
2.731520996e+002;8.286686614e-003
2.733584900e+002;-9.097876027e-004
2.735649109e+002;1.389330864e-004
2.737713318e+002;1.132528670e-002
2.739777527e+002;4.347260983e-004
2.741842346e+002;2.290155040e-003
2.743907166e+002;4.844731186e-003
2.745971985e+002;9.187510586e-004
2.748037109e+002;-4.620645661e-003
2.750102539e+002;2.236374421e-003
2.752167969e+002;-4.257626715e-004
2.754233704e+002;-3.948388621e-003
2.756299744e+002;-9.635681636e-004
2.758365784e+002;-1.178690349e-003
2.760432129e+002;-2.738326322e-003
2.762498779e+002;-6.126500666e-003
2.764565430e+002;5.624548998e-003
2.766632080e+002;1.026312122e-003
2.768699341e+002;9.725315613e-004
2.770766602e+002;-5.588695407e-003
2.772833862e+002;8.649704978e-004
2.774901428e+002;3.069973085e-003
2.776969299e+002;7.695100270e-003
2.779037170e+002;4.616163787e-004
2.781105347e+002;1.537227305e-003
2.783173828e+002;7.036288152e-004
2.785242310e+002;-1.837502059e-004
2.787311096e+002;-4.835767671e-003
2.789379883e+002;-3.679485759e-003
2.791448975e+002;2.693509217e-003
2.793518372e+002;-9.366779123e-004
2.795587769e+002;-5.588695407e-003
2.797657471e+002;-5.333237932e-004
2.799727478e+002;1.779239858e-003
2.801797485e+002;3.553997958e-003
2.803867798e+002;-2.106404863e-004
2.805938110e+002;1.833020360e-003
2.808008728e+002;-2.254301216e-003
2.810079346e+002;5.113633815e-003
2.812150269e+002;2.639728598e-003
2.814221497e+002;-5.064334837e-004
2.816293030e+002;-6.946654175e-004
2.818364563e+002;-2.281191526e-003
2.820436096e+002;2.908631228e-003
2.822507935e+002;-1.299696596e-004
2.824580078e+002;6.296806037e-003
2.826652527e+002;-1.299696596e-004
2.828724976e+002;1.564117614e-003
2.830797424e+002;5.651439074e-003
2.832870483e+002;7.695100270e-003
2.834943542e+002;-2.240856156e-005
2.837016602e+002;-2.550094388e-003
2.839089966e+002;3.742229892e-003
2.841163635e+002;-1.366922283e-003
2.843237305e+002;7.264855783e-003
2.845311279e+002;2.182594035e-003
2.847385559e+002;3.849790897e-003
2.849459839e+002;-3.652595682e-003
2.851534119e+002;5.221195053e-003
2.853609009e+002;-4.082839936e-003
2.855683899e+002;6.915281992e-003
2.857758789e+002;3.903571516e-003
2.859833984e+002;-1.259361161e-003
2.861909485e+002;5.422871909e-004
2.863985291e+002;6.995953154e-003
2.866061096e+002;6.350586656e-003
2.868136902e+002;4.817840643e-003
2.870213013e+002;-2.913112985e-004
2.872289429e+002;5.274975672e-003
2.874366150e+002;2.478386974e-003
2.876442871e+002;5.691774422e-004
2.878519592e+002;1.214544056e-003
2.880596619e+002;-1.635825029e-003
2.882673950e+002;-6.139946054e-004
2.884751587e+002;-1.030793865e-004
2.886829224e+002;8.380801883e-004
2.888906860e+002;4.790950567e-003
2.890985107e+002;-9.097876027e-004
2.893063354e+002;-3.383692820e-003
2.895141602e+002;3.607778344e-003
2.897220154e+002;3.553997958e-003
2.899299011e+002;4.011132754e-003
2.901377869e+002;2.317045350e-003
2.903457031e+002;6.229580031e-004
2.905536499e+002;-3.571924753e-003
2.907615967e+002;4.481712494e-006
2.909695435e+002;6.108574104e-003
2.911775513e+002;-3.719821398e-004
2.913855591e+002;7.103513926e-003
2.915935669e+002;-1.555154216e-003
2.918016052e+002;6.511928048e-003
2.920096741e+002;2.182594035e-003
2.922177429e+002;-1.528263907e-003
2.924258423e+002;-2.738326322e-003
2.926339722e+002;5.570768379e-003
2.928421021e+002;-3.894608002e-003
2.930502625e+002;5.355646368e-003
2.932584229e+002;-3.679485759e-003
2.934666138e+002;3.527107649e-003
2.936748047e+002;-3.182015789e-004
2.938830566e+002;9.550528601e-003
2.940912781e+002;-5.333237932e-004
2.942995605e+002;-1.286251470e-003
2.945078430e+002;5.463207606e-003
2.947161255e+002;-1.474483404e-003
2.949244385e+002;5.153969396e-004
2.951327820e+002;3.137198655e-005
2.953411255e+002;-2.066069515e-003
2.955494995e+002;4.710279871e-003
2.957579041e+002;-4.324852489e-003
2.959663086e+002;1.322105178e-003
2.961747437e+002;-2.388752764e-003
2.963831787e+002;2.021252178e-003
2.965916443e+002;2.424606355e-003
2.968001404e+002;4.253144842e-003
2.970086365e+002;2.854850842e-003
2.972171326e+002;-5.400463473e-003
2.974256897e+002;1.214544056e-003
2.976342468e+002;1.913691172e-003
2.978428040e+002;2.559057670e-003
2.980513916e+002;4.817840643e-003
2.982600098e+002;-2.388752764e-003
2.984686584e+002;-2.899667947e-003
2.986773071e+002;-3.141680267e-003
2.988859558e+002;2.236374421e-003
2.990946350e+002;9.456413100e-004
2.993033447e+002;-1.716495841e-003
2.995120544e+002;-2.657655394e-003
2.997207947e+002;1.833020360e-003
2.999295654e+002;9.187510586e-004
3.001383362e+002;-3.464363748e-003
3.003471375e+002;4.817840643e-003
3.005559387e+002;6.108574104e-003
3.007647705e+002;-4.136620555e-003
3.009736023e+002;2.464941936e-004
3.011824646e+002;2.720399294e-003
3.013913574e+002;8.380801883e-004
3.016002502e+002;-3.114790190e-003
3.018091736e+002;-5.602140445e-004
3.020181274e+002;1.187653746e-003
3.022270813e+002;4.226254765e-003
3.024360657e+002;-1.299696596e-004
3.026450500e+002;1.133873244e-003
3.028540649e+002;-1.178690349e-003
3.030630798e+002;7.842996856e-004
3.032721252e+002;-1.447593095e-003
3.034812012e+002;-1.340031973e-003
3.036902771e+002;-3.450918593e-004
3.038993835e+002;-1.662715338e-003
3.041085205e+002;6.135464180e-003
3.043176575e+002;8.649704978e-004
3.045267944e+002;-3.114790190e-003
3.047359619e+002;1.456556492e-003
3.049451599e+002;-1.528263907e-003
3.051543884e+002;-7.484459784e-004
3.053636169e+002;-4.526529519e-004
3.055728455e+002;2.962411847e-003
3.057821045e+002;1.833020360e-003
3.059913940e+002;2.666618908e-003
3.062007141e+002;3.204424400e-003
3.064100342e+002;-2.792106709e-003
3.066193542e+002;4.011132754e-003
3.068287048e+002;2.478386974e-003
3.070380859e+002;2.196039131e-004
3.072474670e+002;3.016192466e-003
3.074568787e+002;-2.200520830e-003
3.076663208e+002;2.182594035e-003
3.078757629e+002;3.204424400e-003
3.080852356e+002;6.700159982e-003
3.082947083e+002;-2.576984698e-003
3.085042114e+002;-4.109730478e-003
3.087137146e+002;3.957352135e-003
3.089232483e+002;2.263264731e-003
3.091328125e+002;-3.410583129e-003
3.093423767e+002;3.002747253e-004
3.095519714e+002;7.049733773e-003
3.097615967e+002;5.436317064e-003
3.099712219e+002;-5.602140445e-004
3.101808472e+002;8.797601797e-003
3.103905334e+002;-5.723146722e-003
3.106001892e+002;-3.921498545e-003
3.108099060e+002;3.607778344e-003
3.110196228e+002;-1.837502059e-004
3.112293396e+002;5.691774422e-004
3.114390869e+002;5.086743739e-003
3.116488647e+002;1.859910670e-003
3.118586426e+002;-1.340031973e-003
3.120684509e+002;2.464941936e-004
3.122782898e+002;-2.012288896e-003
3.124881287e+002;-1.259361161e-003
3.126979980e+002;1.160763553e-003
3.129078674e+002;3.392656334e-003
3.131177673e+002;-1.474483404e-003
3.133276672e+002;5.248085130e-003
3.135375977e+002;-3.719821398e-004
3.137475586e+002;-3.867717693e-003
3.139575195e+002;4.871621262e-003
3.141675110e+002;2.128813416e-003
3.143775024e+002;4.481712494e-006
3.145875244e+002;-2.308081836e-003
3.147975769e+002;-3.894608002e-003
3.150076294e+002;-3.719821398e-004
3.152177124e+002;5.436317064e-003
3.154277954e+002;5.422871909e-004
3.156379089e+002;-7.215556689e-004
3.158480225e+002;-3.921498545e-003
3.160581970e+002;3.796010278e-003
3.162683411e+002;-1.662715338e-003
3.164785156e+002;4.790950567e-003
3.166887207e+002;-4.324852489e-003
3.168989563e+002;2.693509217e-003
3.171091919e+002;-2.106404863e-004
3.173194275e+002;5.153969396e-004
3.175296936e+002;3.553997958e-003
3.177399902e+002;2.666618908e-003
3.179503174e+002;-1.635825029e-003
3.181606140e+002;5.032963119e-003
3.183709717e+002;-2.388752764e-003
3.185813293e+002;1.483446802e-003
3.187917175e+002;1.214544056e-003
3.190021057e+002;-2.576984698e-003
3.192125244e+002;5.516987760e-003
3.194229431e+002;4.522047937e-003
3.196333923e+002;5.826225970e-005
3.198438721e+002;4.064912908e-003
3.200543518e+002;5.960677518e-004
3.202648621e+002;3.580888268e-003
3.204753723e+002;5.866561551e-003
3.206859131e+002;-4.728206433e-003
3.208964844e+002;-3.491253825e-003
3.211070557e+002;2.397716045e-003
3.213176270e+002;-7.215556689e-004
3.215282593e+002;2.048142487e-003
3.217388611e+002;5.274975672e-003
3.219495239e+002;2.585947979e-003
3.221601868e+002;4.387596622e-003
3.223708496e+002;1.806130051e-003
3.225815735e+002;4.118693527e-003
3.227922668e+002;6.915281992e-003
3.230030212e+002;2.209484112e-003
3.232137756e+002;1.429666299e-003
3.234245300e+002;-1.178690349e-003
3.236353149e+002;-3.141680267e-003
3.238461304e+002;4.091803450e-003
3.240569458e+002;2.774179913e-003
3.242677917e+002;5.382536445e-003
3.244786377e+002;9.604309686e-003
3.246895142e+002;2.801070223e-003
3.249004211e+002;1.120428060e-004
3.251113281e+002;-6.946654175e-004
3.253222656e+002;3.688449273e-003
3.255332031e+002;-1.608934719e-003
3.257441711e+002;6.135464180e-003
3.259551392e+002;2.263264731e-003
3.261661377e+002;-1.555154216e-003
3.263771667e+002;1.080092625e-003
3.265881958e+002;5.140523892e-003
3.267992554e+002;2.128813416e-003
3.270103149e+002;8.515253285e-005
3.272214050e+002;-1.985398587e-003
3.274324951e+002;-5.871042958e-004
3.276436157e+002;2.962411847e-003
3.278547668e+002;-7.524794899e-003
3.280659180e+002;-3.988723911e-004
3.282770996e+002;4.078358179e-004
3.284883118e+002;8.636259474e-003
3.286994934e+002;-3.921498545e-003
3.289107361e+002;-8.291167906e-004
3.291219788e+002;1.456556492e-003
3.293332520e+002;3.715339582e-003
3.295445251e+002;-4.647535738e-003
3.297558289e+002;3.002747253e-004
3.299671326e+002;2.101923106e-003
3.301784668e+002;8.649704978e-004
3.303898315e+002;3.258204786e-003
3.306011963e+002;9.456413100e-004
3.308125916e+002;1.591007924e-003
3.310239868e+002;-1.501373597e-003
3.312354126e+002;1.111016516e-002
3.314468384e+002;-2.469423460e-003
3.316582947e+002;-4.082839936e-003
3.318697815e+002;8.111899369e-004
3.320812683e+002;-6.677751662e-004
3.322927856e+002;-2.913112985e-004
3.325043030e+002;-4.271071870e-003
3.327158508e+002;3.096863162e-003
3.329273987e+002;5.490097683e-003
3.331389771e+002;-2.738326322e-003
3.333505859e+002;-1.017348724e-003
3.335621948e+002;2.693509217e-003
3.337738342e+002;2.693509217e-003
3.339854736e+002;2.827960532e-003
3.341971436e+002;-5.158450920e-003
3.344088440e+002;4.172474146e-003
3.346205444e+002;2.881741151e-003
3.348322449e+002;1.913691172e-003
3.350439758e+002;-7.753362297e-004
3.352557373e+002;2.263264731e-003
3.354674988e+002;-2.872777637e-003
3.356792908e+002;2.693509217e-003
3.358911133e+002;3.002747253e-004
3.361029358e+002;1.221266575e-002
3.363147888e+002;1.214544056e-003
3.365266418e+002;4.481712494e-006
3.367384949e+002;-1.071129227e-003
3.369504089e+002;1.927136327e-004
3.371623230e+002;5.826225970e-005
3.373742371e+002;-3.948388621e-003
3.375861816e+002;3.957352135e-003
3.377981567e+002;-2.173630521e-003
3.380101318e+002;-1.420702785e-003
3.382221375e+002;4.038022831e-003
3.384341431e+002;-2.388752764e-003
3.386461792e+002;-5.064334837e-004
3.388582153e+002;6.458147429e-003
3.390702820e+002;6.565708667e-003
3.392823792e+002;2.021252178e-003
3.394944763e+002;-4.082839936e-003
3.397066040e+002;6.216134876e-003
3.399187317e+002;2.464941936e-004
3.401308899e+002;-8.828973514e-004
3.403430786e+002;-1.232470851e-003
3.405552673e+002;1.133873244e-003
3.407674561e+002;2.048142487e-003
3.409796753e+002;-8.560070419e-004
3.411919250e+002;-1.071129227e-003
3.414041748e+002;6.135464180e-003
3.416164551e+002;-1.340031973e-003
3.418287659e+002;-4.271071870e-003
3.420410767e+002;-7.215556689e-004
3.422533875e+002;3.365766024e-003
3.424657288e+002;4.764060024e-003
3.426781006e+002;8.474918082e-003
3.428904724e+002;-3.356802510e-003
3.431028748e+002;5.436317064e-003
3.433152771e+002;-2.630765084e-003
3.435277100e+002;-2.375307522e-004
3.437401733e+002;-7.215556689e-004
3.439526367e+002;6.027902942e-003
3.441651306e+002;-1.501373597e-003
3.443776245e+002;4.737169947e-003
3.445901489e+002;3.634668654e-003
3.448026733e+002;6.673269905e-003
3.450152283e+002;1.886800863e-003
3.452277832e+002;-2.388752764e-003
3.454403687e+002;4.710279871e-003
3.456529846e+002;1.644788426e-003
3.458656006e+002;9.725315613e-004
3.460782471e+002;4.898511805e-003
3.462908936e+002;3.742229892e-003
3.465035706e+002;4.333816003e-003
3.467162476e+002;4.033989459e-002
3.469289551e+002;-1.030793865e-004
3.471416931e+002;5.705219693e-003
3.473544312e+002;-5.871042958e-004
3.475671997e+002;2.128813416e-003
3.477799683e+002;6.269915495e-003
3.479927673e+002;2.155703725e-003
3.482055664e+002;5.785890855e-003
3.484183960e+002;8.609369397e-003
3.486312561e+002;2.666618908e-003
3.488441162e+002;3.338875715e-003
3.490569763e+002;1.429666299e-003
3.492698669e+002;2.666618908e-003
3.494827881e+002;9.120284580e-003
3.496957092e+002;4.979182500e-003
3.499086609e+002;8.905162103e-003
3.501216431e+002;-3.182015789e-004
3.503346252e+002;2.263264731e-003
3.505476074e+002;6.296806037e-003
3.507606201e+002;1.859910670e-003
3.509736633e+002;-3.329912201e-003
3.511867065e+002;4.145584069e-003
3.513997803e+002;-1.662715338e-003
3.516128845e+002;5.705219693e-003
3.518259583e+002;-2.173630521e-003
3.520390930e+002;-3.894608002e-003
3.522522278e+002;-2.899667947e-003
3.524653931e+002;1.456556492e-003
3.526785583e+002;-1.232470851e-003
3.528917236e+002;-9.904584149e-004
3.531049500e+002;1.658233523e-004
3.533181763e+002;-5.131560843e-003
3.535314026e+002;-2.361862455e-003
3.537446594e+002;-1.474483404e-003
3.539579163e+002;8.528698236e-003
3.541712036e+002;1.510337112e-003
3.543845215e+002;4.414486699e-003
3.545978394e+002;7.641319651e-003
3.548111877e+002;9.254735895e-003
3.550245361e+002;-5.333237932e-004
3.552379150e+002;-1.178690349e-003
3.554513245e+002;2.424606355e-003
3.556647339e+002;4.764060024e-003
3.558781433e+002;4.817840643e-003
3.560915833e+002;-7.215556689e-004
3.563050537e+002;6.619489286e-003
3.565185242e+002;6.404366810e-003
3.567320251e+002;1.940581482e-003
3.569455261e+002;2.532167593e-003
3.571590576e+002;1.806130051e-003
3.573725891e+002;2.908631228e-003
3.575861511e+002;8.474918082e-003
3.577997437e+002;3.500217339e-003
3.580133362e+002;9.389187209e-003
3.582269592e+002;8.985833265e-003
3.584405823e+002;4.441376776e-003
3.586542358e+002;1.510337112e-003
3.588678894e+002;1.833020360e-003
3.590815735e+002;3.123753471e-003
3.592952576e+002;2.397716045e-003
3.595089722e+002;4.064912908e-003
3.597227173e+002;9.684980847e-003
3.599364624e+002;4.737169947e-003
3.601502380e+002;8.098454215e-003
3.603640137e+002;6.135464180e-003
3.605778198e+002;1.062614005e-002
3.607916260e+002;4.790950567e-003
3.610054626e+002;5.382536445e-003
3.612192993e+002;9.012723342e-003
3.614331665e+002;9.631199762e-003
3.616470642e+002;1.070681121e-002
3.618609619e+002;1.086815260e-002
3.620748596e+002;1.256223954e-002
3.622888184e+002;1.952682063e-002
3.625027466e+002;9.765651077e-003
3.627167358e+002;2.251164056e-002
3.629307251e+002;1.767139137e-002
3.631447144e+002;1.987639442e-002
3.633587341e+002;2.097889595e-002
3.635727539e+002;2.442084998e-002
3.637868042e+002;1.920413785e-002
3.640008850e+002;2.783591487e-002
3.642149658e+002;2.326456830e-002
3.644290771e+002;3.122409061e-002
3.646431885e+002;3.211146966e-002
3.648573303e+002;3.149299324e-002
3.650714722e+002;4.329782352e-002
3.652856445e+002;3.603744879e-002
3.654998474e+002;3.431647271e-002
3.657140503e+002;3.633324057e-002
3.659282532e+002;3.923739120e-002
3.661424866e+002;5.184892938e-002
3.663567505e+002;3.679037839e-002
3.665710144e+002;4.461544752e-002
3.667853088e+002;4.246422648e-002
3.669996033e+002;4.074324667e-002
3.672139282e+002;3.942562267e-002
3.674282837e+002;4.552971572e-002
3.676426392e+002;4.308269918e-002
3.678569946e+002;5.628582463e-002
3.680713806e+002;4.883721843e-002
3.682857971e+002;4.569105804e-002
3.685002136e+002;5.281697959e-002
3.687146606e+002;4.746581614e-002
3.689291077e+002;4.676666856e-002
3.691435852e+002;5.141868442e-002
3.693580627e+002;2.349943352e+001
3.695725708e+002;2.533149338e+001
3.697871094e+002;2.084032249e+001
3.700016479e+002;2.250404358e+001
3.702161865e+002;2.251566315e+001
3.704307556e+002;2.417096710e+001
3.706453552e+002;2.099740219e+001
3.708599548e+002;2.155020714e+001
3.710745850e+002;2.326381302e+001
3.712892151e+002;1.939798546e+001
3.715038757e+002;2.075261879e+001
3.717185364e+002;2.106672859e+001
3.719332275e+002;2.084242249e+001
3.721479492e+002;1.742921448e+001
3.723626709e+002;1.639978027e+001
3.725773926e+002;1.654367256e+001
3.727921448e+002;1.687647438e+001
3.730069275e+002;1.752802467e+001
3.732217102e+002;1.728909683e+001
3.734365234e+002;1.682683563e+001
3.736513367e+002;1.200429153e+001
3.738661804e+002;1.480394650e+001
3.740810242e+002;1.260180759e+001
3.742958984e+002;1.327553368e+001
3.745108032e+002;1.317070389e+001
3.747257080e+002;1.226860905e+001
3.749406128e+002;1.166267776e+001
3.751555481e+002;1.256202507e+001
3.753705139e+002;1.209567738e+001
3.755854797e+002;1.214919281e+001
3.758004761e+002;1.002562237e+001
3.760154724e+002;9.458676338e+000
3.762304993e+002;1.018251991e+001
3.764455261e+002;1.126413727e+001
3.766605835e+002;8.985057831e+000
3.768756714e+002;9.180921555e+000
3.770907593e+002;7.729326248e+000
3.773058472e+002;8.750902176e+000
3.775209656e+002;7.225406647e+000
3.777361145e+002;7.270092487e+000
3.779512634e+002;8.314186096e+000
3.781664429e+002;7.093657494e+000
3.783816223e+002;7.896625996e+000
3.785968323e+002;8.152423859e+000
3.788120422e+002;9.225664139e+000
3.790272827e+002;6.121461868e+000
3.792425232e+002;6.440225124e+000
3.794577942e+002;6.936386108e+000
3.796730957e+002;5.359886169e+000
3.798883972e+002;7.614444256e+000
3.801036987e+002;5.165224075e+000
3.803190308e+002;5.111049652e+000
3.805343933e+002;6.750783920e+000
3.807497559e+002;5.364953995e+000
3.809651489e+002;4.316707134e+000
3.811805420e+002;3.683794022e+000
3.813959656e+002;4.058104515e+000
3.816113892e+002;4.734341145e+000
3.818268433e+002;4.962015152e+000
3.820423279e+002;6.003934383e+000
3.822578125e+002;3.807164669e+000
3.824732971e+002;6.266905785e+000
3.826888123e+002;3.392702579e+000
3.829043579e+002;4.768878460e+000
3.831199036e+002;4.755875111e+000
3.833354797e+002;4.000472069e+000
3.835510559e+002;3.655646324e+000
3.837666321e+002;5.982018471e+000
3.839822693e+002;3.129506826e+000
3.841979065e+002;3.646261692e+000
3.844135437e+002;3.401382446e+000
3.846292114e+002;5.247106075e+000
3.848448792e+002;3.777500153e+000
3.850605774e+002;4.005059242e+000
3.852763062e+002;3.602255821e+000
3.854920349e+002;2.354290009e+000
3.857077637e+002;2.767218351e+000
3.859235229e+002;6.499560475e-001
3.861393127e+002;2.847465277e+000
3.863551025e+002;1.875338674e+000
3.865709229e+002;1.789608121e+000
3.867867432e+002;7.458807826e-001
3.870025940e+002;1.735644221e+000
3.872184448e+002;1.727292776e+000
3.874343262e+002;7.661324739e-001
3.876502075e+002;1.702949405e+000
3.878661194e+002;3.684408069e-001
3.880820618e+002;4.199103713e-001
3.882980042e+002;-3.124381006e-001
3.885139465e+002;-1.953709312e-002
3.887299194e+002;2.451949716e-001
3.889459229e+002;6.676838994e-001
3.891619263e+002;-1.802729964e-001
3.893779602e+002;6.822316349e-002
3.895939941e+002;9.203128815e-001
3.898100586e+002;-6.894635558e-001
3.900261230e+002;1.831765920e-001
3.902422180e+002;3.870802224e-001
3.904583130e+002;5.659893155e-001
3.906744385e+002;-2.190620750e-001
3.908905640e+002;2.191262990e-001
3.911067200e+002;7.469936609e-001
3.913229065e+002;-6.427274346e-001
3.915390930e+002;5.243427157e-001
3.917552795e+002;4.674504995e-001
3.919714966e+002;8.404133916e-001
3.921877441e+002;-9.899940491e-001
3.924039917e+002;4.046090543e-001
3.926202698e+002;-8.888919353e-001
3.928365479e+002;-2.356961370e-001
3.930528564e+002;-6.082822084e-001
3.932691650e+002;-6.523731947e-001
3.934855042e+002;7.655634880e-001
3.937018433e+002;1.181017086e-001
3.939182129e+002;-2.220173031e-001
3.941345825e+002;-2.502071559e-001
3.943509827e+002;7.662792206e-001
3.945674133e+002;3.583411276e-001
3.947838135e+002;-6.766445935e-002
3.950002747e+002;7.356908917e-001
3.952167358e+002;-7.303277403e-002
3.954332275e+002;-4.477428496e-001
3.956497192e+002;1.065845132e+000
3.958662109e+002;-1.509828866e-001
3.960827332e+002;3.307463527e-001
3.962992859e+002;7.312612236e-002
3.965158386e+002;-2.944055498e-001
3.967324219e+002;5.609984398e-001
3.969490051e+002;2.070737183e-001
3.971656189e+002;4.395595938e-002
3.973822327e+002;-2.185650766e-001
3.975988770e+002;4.362755418e-001
3.978155518e+002;3.096775711e-001
3.980321960e+002;4.290041029e-001
3.982489014e+002;1.250913590e-001
3.984656067e+002;3.884252906e-001
3.986823120e+002;5.194814205e-001
3.988990479e+002;-1.584812999e-001
3.991158142e+002;-4.480513930e-001
3.993325806e+002;4.169473350e-001
3.995493774e+002;2.563374937e-001
3.997661743e+002;1.214982569e-001
3.999829712e+002;-4.160211682e-001
4.001997986e+002;-3.319287598e-001
4.004166565e+002;5.392903686e-001
4.006335144e+002;-6.058273911e-001
4.008504028e+002;-5.761346817e-001
4.010672913e+002;-2.312101573e-001
4.012842102e+002;7.094645500e-001
4.015011597e+002;1.336267948e+000
4.017180786e+002;-2.940068021e-003
4.019350586e+002;2.641333938e-001
4.021520386e+002;9.858348221e-002
4.023690186e+002;2.176632732e-001
4.025860291e+002;-6.480480433e-001
4.028030701e+002;7.653359324e-003
4.030201111e+002;-4.767145514e-001
4.032371521e+002;7.372051477e-001
4.034542236e+002;-3.511792421e-001
4.036713257e+002;-1.097970083e-001
4.038884277e+002;7.864045352e-002
4.041055298e+002;-1.690129042e-001
4.043226929e+002;1.169215143e-001
4.045398254e+002;-1.391313076e-001
4.047569885e+002;1.821504682e-001
4.049741821e+002;6.630146503e-001
4.051913757e+002;3.184720278e-001
4.054085999e+002;8.397672772e-001
4.056258240e+002;-1.805635393e-001
4.058430786e+002;1.789541543e-002
4.060603638e+002;2.498081513e-002
4.062776184e+002;-5.027902722e-001
4.064949341e+002;-3.827209473e-001
4.067122498e+002;1.073274836e-001
4.069295654e+002;4.410888255e-001
4.071469116e+002;-4.044668376e-002
4.073642883e+002;7.891197503e-002
4.075816650e+002;-9.794892669e-001
4.077990417e+002;4.672609568e-001
4.080164490e+002;5.549161509e-002
4.082338867e+002;2.019801438e-001
4.084513245e+002;1.111042023e+000
4.086687622e+002;3.725451827e-001
4.088862305e+002;2.680063546e-001
4.091037292e+002;1.534810364e-001
4.093212280e+002;2.575744689e-001
4.095387573e+002;4.214627147e-001
4.097562866e+002;-3.572719693e-001
4.099738464e+002;1.004361391e+000
4.101914063e+002;-2.231441438e-001
4.104089966e+002;7.029848546e-002
4.106265869e+002;7.200610824e-003
4.108442078e+002;-1.684503257e-001
4.110618286e+002;1.286496967e-001
4.112794800e+002;3.640348911e-001
4.114971313e+002;6.885495186e-001
4.117148132e+002;5.854045749e-001
4.119324951e+002;-2.487223409e-002
4.121502075e+002;3.286518753e-001
4.123679504e+002;3.377321661e-001
4.125856934e+002;2.519085109e-001
4.128034363e+002;8.463650346e-001
4.130212097e+002;-2.857113779e-001
4.132390137e+002;-4.344090819e-001
4.134568176e+002;4.181972504e+000
4.136746216e+002;-2.451169342e-001
4.138924561e+002;2.765230238e-001
4.141103210e+002;-2.004027069e-001
4.143281860e+002;2.597685158e-001
4.145460510e+002;9.089076519e-002
4.147639771e+002;2.823668718e-001
4.149818726e+002;7.135007530e-002
4.151997986e+002;7.605940849e-002
4.154177551e+002;1.996559799e-001
4.156357117e+002;4.810102880e-001
4.158536987e+002;-2.453453243e-001
4.160716858e+002;3.083396852e-001
4.162897034e+002;-1.660352498e-001
4.165077209e+002;-2.632728079e-003
4.167257690e+002;-2.081795633e-001
4.169438171e+002;1.005171426e-002
4.171618958e+002;-6.736229062e-001
4.173799744e+002;5.548555851e-001
4.175980835e+002;4.306666255e-001
4.178161926e+002;8.972008228e-001
4.180343323e+002;3.522063047e-002
4.182524719e+002;1.083064601e-001
4.184706421e+002;1.556240022e-001
4.186888428e+002;1.019783497e+000
4.189070129e+002;-6.849331409e-002
4.191252441e+002;-4.515016675e-001
4.193434753e+002;-2.262120694e-001
4.195617065e+002;-4.688043520e-002
4.197799683e+002;-2.329331040e-001
4.199982605e+002;7.261355519e-001
4.202165527e+002;3.387573659e-001
4.204348450e+002;5.898859501e-001
4.206531677e+002;-2.934325337e-001
4.208715210e+002;-1.200821064e-002
4.210898743e+002;1.162885353e-001
4.213082275e+002;-2.795716822e-001
4.215266113e+002;-1.179767959e-002
4.217450256e+002;9.578010440e-001
4.219634399e+002;-6.605127454e-001
4.221818542e+002;1.846547127e-001
4.224002991e+002;2.102905065e-001
4.226187744e+002;1.702262014e-001
4.228372498e+002;-2.079272717e-001
4.230557556e+002;9.658293724e-001
4.232742615e+002;3.371834382e-002
4.234927673e+002;-1.570392698e-001
4.237113342e+002;4.268265665e-001
4.239298706e+002;1.532886326e-001
4.241484375e+002;6.461242586e-002
4.243670349e+002;5.575972795e-001
4.245856323e+002;2.328186333e-001
4.248042603e+002;4.808304608e-001
4.250228882e+002;2.293485850e-001
4.252415466e+002;-8.802294731e-003
4.254602051e+002;2.179727256e-001
4.256788940e+002;1.309069395e-001
4.258975830e+002;9.853189811e-003
4.261163025e+002;1.337364167e-001
4.263350220e+002;3.842712939e-001
4.265537720e+002;-2.640350163e-001
4.267725220e+002;5.187432980e-004
4.269913025e+002;3.637653887e-001
4.272100830e+002;-2.450212538e-001
4.274288940e+002;2.905442417e-001
4.276477051e+002;2.543868423e-001
4.278665466e+002;4.138334841e-002
4.280853882e+002;2.770445049e-001
4.283042603e+002;2.017936558e-001
4.285231628e+002;1.200806573e-001
4.287420349e+002;4.619589448e-001
4.289609680e+002;-7.546290755e-002
4.291799011e+002;1.745306849e-001
4.293988342e+002;1.322775055e-002
4.296177979e+002;-4.067796469e-002
4.298367615e+002;-2.578555942e-001
4.300557556e+002;-2.278109640e-001
4.302747803e+002;6.454113722e-001
4.304937744e+002;4.196622670e-001
4.307128296e+002;-3.298499882e-001
4.309318848e+002;-3.043431640e-001
4.311509399e+002;2.197801769e-001
4.313700256e+002;-3.587338924e-001
4.315891113e+002;-8.446193486e-002
4.318082275e+002;1.697817892e-001
4.320273743e+002;-1.380321085e-001
4.322465210e+002;-1.151697896e-002
4.324656677e+002;-2.367137372e-001
4.326848450e+002;-1.971266866e-001
4.329040527e+002;1.078617349e-001
4.331232300e+002;-1.369403750e-001
4.333424683e+002;-1.010545343e-001
4.335617065e+002;2.123960704e-001
4.337809448e+002;2.436682209e-002
4.340002136e+002;2.179645449e-001
4.342195129e+002;1.225916818e-001
4.344388123e+002;1.994472146e-001
4.346581116e+002;-2.066553831e-001
4.348774414e+002;4.810247719e-001
4.350968018e+002;2.398500778e-002
4.353161621e+002;6.918268204e-001
4.355355225e+002;-2.353202254e-001
4.357549133e+002;-9.206216037e-002
4.359743347e+002;-2.299315482e-001
4.361937561e+002;1.900313497e-001
4.364131775e+002;-1.255758703e-001
4.366326294e+002;2.733559012e-001
4.368520813e+002;-2.050743252e-001
4.370715637e+002;8.190323710e-001
4.372910767e+002;5.440695882e-001
4.375105896e+002;-3.095252216e-001
4.377301025e+002;-9.488333017e-002
4.379496460e+002;1.147054061e-001
4.381692200e+002;-2.591347098e-001
4.383887939e+002;-3.853516579e-001
4.386083679e+002;-3.284494877e-001
4.388279724e+002;1.079516262e-001
4.390476074e+002;-1.897856593e-002
4.392672424e+002;-8.805093169e-002
4.394868774e+002;5.294700265e-001
4.397065430e+002;-1.097822785e-001
4.399262390e+002;4.349174798e-001
4.401459351e+002;-3.766768426e-002
4.403656311e+002;1.202154532e-001
4.405853577e+002;2.325492352e-001
4.408051147e+002;-2.146810740e-001
4.410248718e+002;5.251033306e-001
4.412446289e+002;3.859889805e-001
4.414644165e+002;3.137013614e-001
4.416842346e+002;1.579716057e-001
4.419040527e+002;-9.960820526e-002
4.421238708e+002;6.346345544e-001
4.423437195e+002;-3.655901179e-002
4.425635986e+002;8.536542058e-001
4.427834778e+002;-3.058390319e-001
4.430033569e+002;2.247400433e-001
4.432232666e+002;-7.361928467e-003
4.434431763e+002;-2.460456043e-001
4.436631165e+002;-3.327135369e-002
4.438830872e+002;3.417098820e-001
4.441030579e+002;-1.078304946e-001
4.443230286e+002;1.441163123e-001
4.445430298e+002;-1.427227110e-001
4.447630615e+002;-6.845859438e-002
4.449830627e+002;-3.759796172e-002
4.452031250e+002;-2.565217614e-001
4.454231873e+002;-4.779803455e-001
4.456432495e+002;-6.008559465e-001
4.458633423e+002;-1.276495010e-001
4.460834656e+002;-2.010799646e-001
4.463035583e+002;1.990358680e-001
4.465237122e+002;4.014020562e-001
4.467438660e+002;-2.781783938e-001
4.469640198e+002;-1.535924077e-001
4.471842041e+002;3.303479254e-001
4.474043884e+002;-2.655263245e-001
4.476246033e+002;9.277303219e-001
4.478448486e+002;4.400354028e-001
4.480650635e+002;1.035301834e-001
4.482853394e+002;4.529848695e-001
4.485056152e+002;3.665316403e-001
4.487258911e+002;-1.085937619e-001
4.489461975e+002;-3.411875665e-001
4.491665039e+002;-5.637472272e-001
4.493868408e+002;1.582729667e-001
4.496071777e+002;-5.857810006e-002
4.498275452e+002;1.140264869e-001
4.500479126e+002;3.590549231e-001
4.502683105e+002;3.223546445e-001
4.504887085e+002;2.261641026e-001
4.507091370e+002;-1.013652906e-001
4.509295654e+002;1.953321695e-001
4.511500244e+002;4.164816141e-001
4.513704834e+002;-9.176503122e-002
4.515909729e+002;-8.490002155e-002
4.518114624e+002;3.011986494e+000
4.520319824e+002;8.625343442e-002
4.522525024e+002;1.062032804e-001
4.524730530e+002;9.322394729e-001
4.526936035e+002;1.655477285e-001
4.529141846e+002;-3.615353405e-001
4.531347656e+002;1.168578267e-001
4.533553467e+002;-1.684478484e-002
4.535759888e+002;2.320771515e-001
4.537966003e+002;5.819662660e-002
4.540172424e+002;-4.759219661e-002
4.542379150e+002;-9.315248579e-002
4.544585876e+002;1.144557521e-001
4.546792908e+002;9.912467003e-002
4.548999939e+002;2.275305837e-001
4.551206970e+002;3.818286359e-001
4.553414307e+002;-1.607311517e-001
4.555621948e+002;2.340944111e-001
4.557829590e+002;5.625382066e-001
4.560037231e+002;-4.109958410e-001
4.562245178e+002;-6.732928753e-002
4.564453430e+002;4.300983995e-002
4.566661682e+002;8.587485552e-002
4.568869934e+002;-2.430970669e-001
4.571078491e+002;-1.693779379e-001
4.573287354e+002;2.538751066e-001
4.575496216e+002;4.192210138e-001
4.577705078e+002;6.542255282e-001
4.579914246e+002;3.046320379e-001
4.582123413e+002;2.196755856e-001
4.584332886e+002;3.073946238e-001
4.586542664e+002;2.320461869e-001
4.588752136e+002;-6.948408205e-003
4.590962219e+002;-1.427166816e-002
4.593172302e+002;-4.500832558e-001
4.595382385e+002;3.893217146e-001
4.597592773e+002;-2.381336242e-001
4.599803162e+002;1.994316727e-001
4.602013855e+002;-2.648099363e-001
4.604224548e+002;1.645147204e-001
4.606435547e+002;5.227738619e-001
4.608646545e+002;4.665092826e-001
4.610857849e+002;-2.695530951e-001
4.613069153e+002;2.399291247e-001
4.615280457e+002;1.462787762e-002
4.617492371e+002;6.277882457e-001
4.619703979e+002;-3.542537391e-001
4.621915894e+002;1.468514204e-001
4.624128113e+002;-3.565428257e-001
4.626340332e+002;2.776108384e-001
4.628552856e+002;-1.894556880e-001
4.630765381e+002;-1.756389886e-001
4.632977905e+002;5.610513687e-001
4.635190735e+002;2.047985196e-001
4.637403870e+002;-2.527572811e-001
4.639617004e+002;-4.538356960e-001
4.641830139e+002;-4.447622001e-001
4.644043579e+002;3.399184644e-001
4.646257324e+002;8.160428405e-001
4.648470764e+002;-2.620597482e-001
4.650684814e+002;-1.601323187e-001
4.652898865e+002;3.670034930e-002
4.655112915e+002;3.546077609e-001
4.657327271e+002;1.061526537e-001
4.659541626e+002;-4.698063061e-002
4.661756287e+002;4.429998100e-001
4.663970947e+002;8.945369720e-002
4.666185913e+002;1.481215060e-001
4.668400879e+002;1.343236268e-001
4.670616150e+002;-1.709616557e-002
4.672831421e+002;7.008019835e-002
4.675046997e+002;-1.584251374e-001
4.677262573e+002;2.993889749e-001
4.679478455e+002;-3.982295692e-001
4.681694336e+002;-1.933615655e-001
4.683910522e+002;8.638310432e-002
4.686126709e+002;2.287926525e-001
4.688342896e+002;-2.319606841e-001
4.690559387e+002;-2.091104090e-001
4.692776184e+002;3.220480978e-001
4.694992981e+002;-5.160204172e-001
4.697209778e+002;2.401137054e-001
4.699426880e+002;-9.306968004e-002
4.701644287e+002;5.714364648e-001
4.703861694e+002;3.392295241e-001
4.706079102e+002;8.812004328e-002
4.708296814e+002;-2.122851908e-001
4.710514526e+002;-1.034860387e-001
4.712732544e+002;-9.671258926e-002
4.714950562e+002;1.375221759e-001
4.717168884e+002;1.146014780e-002
4.719387207e+002;1.607358828e-002
4.721605835e+002;2.322563529e-001
4.723824463e+002;3.697663844e-001
4.726043396e+002;3.924712837e-001
4.728262329e+002;-1.724441051e-001
4.730481567e+002;-2.186598778e-001
4.732700806e+002;-3.296857774e-001
4.734920349e+002;3.196763396e-001
4.737139893e+002;-2.963588536e-001
4.739359436e+002;1.914685518e-001
4.741579285e+002;-8.172833920e-002
4.743799438e+002;2.560441196e-001
4.746019592e+002;-2.832204700e-001
4.748239746e+002;-4.489881918e-002
4.750460205e+002;-2.067137808e-001
4.752680664e+002;1.682531089e-001
4.754901428e+002;-2.405110896e-001
4.757122498e+002;4.904400408e-001
4.759343567e+002;-2.480975389e-001
4.761564636e+002;-2.855328918e-001
4.763786011e+002;-2.442200482e-001
4.766007385e+002;-3.634470701e-002
4.768229065e+002;-2.194301337e-001
4.770450745e+002;3.947211057e-002
4.772672424e+002;-2.076749951e-001
4.774894714e+002;-2.525558770e-001
4.777116699e+002;1.801802963e-001
4.779338989e+002;-7.260634005e-002
4.781561584e+002;-1.451244392e-002
4.783784180e+002;-1.293632984e-001
4.786006775e+002;-4.879584908e-001
4.788229675e+002;4.961723685e-001
4.790452881e+002;4.368525743e-001
4.792676086e+002;2.981244028e-001
4.794899292e+002;-8.728830516e-002
4.797122803e+002;4.420210421e-001
4.799346313e+002;8.910763264e-002
4.801570129e+002;1.942188889e-001
4.803794250e+002;6.307119131e-002
4.806018066e+002;-1.643355750e-002
4.808242493e+002;-1.856769994e-002
4.810466614e+002;4.855094850e-002
4.812691040e+002;-3.808405250e-003
4.814915771e+002;1.477324218e-001
4.817140503e+002;9.724896401e-002
4.819365540e+002;1.969998479e-001
4.821590576e+002;2.098614872e-001
4.823815613e+002;8.486185223e-003
4.826040955e+002;1.303363442e-001
4.828266602e+002;3.309823200e-002
4.830492249e+002;-4.940107092e-002
4.832717896e+002;-1.761588966e-003
4.834943848e+002;-3.079842925e-001
4.837169800e+002;-1.244261339e-001
4.839396057e+002;6.364492327e-002
4.841622314e+002;-1.324831545e-001
4.843848877e+002;-4.840074778e-001
4.846075439e+002;3.230784535e-001
4.848302307e+002;-4.374867082e-001
4.850529175e+002;-3.657585010e-002
4.852756348e+002;-3.909405768e-001
4.854983521e+002;3.383068740e-002
4.857210693e+002;-1.171552390e-001
4.859438477e+002;9.965885431e-002
4.861665955e+002;-2.138976306e-001
4.863893738e+002;-1.931765489e-002
4.866121521e+002;4.090491682e-003
4.868349609e+002;-1.513673812e-001
4.870578003e+002;1.127076522e-001
4.872806091e+002;-7.951964438e-002
4.875034790e+002;-1.998929530e-001
4.877263489e+002;2.805971801e-001
4.879492188e+002;-1.656837910e-001
4.881720886e+002;-7.372730877e-003
4.883950195e+002;1.047146395e-001
4.886179199e+002;2.556591630e-001
4.888408508e+002;3.366254568e-001
4.890638123e+002;2.638485432e-001
4.892867737e+002;1.596713215e-001
4.895097351e+002;6.550471485e-002
4.897327271e+002;1.196202636e-001
4.899557495e+002;-8.059976250e-002
4.901787720e+002;-1.400484592e-001
4.904017944e+002;1.371813565e-001
4.906248474e+002;3.350557685e-001
4.908479004e+002;7.716015726e-002
4.910709839e+002;1.473619938e-001
4.912940674e+002;-3.829600662e-002
4.915171814e+002;-2.482433468e-001
4.917402954e+002;4.531759322e-001
4.919634399e+002;1.258918196e-001
4.921865845e+002;-7.220149785e-002
4.924097290e+002;1.536716670e-001
4.926329041e+002;4.321888089e-002
4.928561096e+002;-3.902604431e-002
4.930792847e+002;-6.241507828e-002
4.933025208e+002;2.747648060e-001
4.935257568e+002;-3.361597285e-002
4.937489929e+002;-2.188755870e-001
4.939722595e+002;3.060605004e-002
4.941955261e+002;-1.753610969e-001
4.944188232e+002;3.436092436e-001
4.946421204e+002;-2.145413607e-001
4.948654175e+002;-7.986462116e-002
4.950887756e+002;9.815023094e-002
4.953121033e+002;5.908342451e-002
4.955354614e+002;-2.409553826e-001
4.957588501e+002;-2.729500532e-001
4.959822083e+002;2.888731472e-002
4.962056274e+002;-2.294147760e-001
4.964290466e+002;-1.558055170e-002
4.966524658e+002;3.076857924e-001
4.968759155e+002;9.585007280e-002
4.970993652e+002;3.284940720e-001
4.973228455e+002;-1.934968978e-001
4.975463257e+002;-3.156956052e-003
4.977698059e+002;-1.215619668e-001
4.979933167e+002;-2.891551517e-002
4.982168579e+002;5.880068243e-002
4.984403992e+002;-2.389647253e-002
4.986639404e+002;-2.764974833e-001
4.988875122e+002;3.247597516e-001
4.991111145e+002;-2.076538205e-001
4.993346863e+002;-1.437522122e-003
4.995583191e+002;6.775614619e-002
4.997819214e+002;1.620482355e-001
5.000055847e+002;1.663371027e-001
5.002292175e+002;-1.652946174e-001
5.004528809e+002;-9.836392850e-002
5.006765747e+002;5.620463938e-002
5.009002686e+002;-2.017740458e-001
5.011239929e+002;2.819937468e-002
5.013476868e+002;-2.140637338e-001
5.015714417e+002;4.228377044e-001
5.017951965e+002;7.446048409e-002
5.020189514e+002;2.361018211e-001
5.022427368e+002;5.393168889e-003
5.024665222e+002;7.467903197e-002
5.026903381e+002;9.656699747e-002
5.029141541e+002;-4.776916001e-003
5.031379700e+002;-1.678150147e-001
5.033618164e+002;6.707131863e-002
5.035856934e+002;-8.628059924e-002
5.038095703e+002;5.254257917e-001
5.040334473e+002;5.139397383e-001
5.042573547e+002;5.281903315e-003
5.044812927e+002;3.470916152e-001
5.047052002e+002;-1.962295175e-002
5.049291687e+002;3.821199834e-001
5.051531067e+002;1.787640899e-001
5.053770752e+002;-3.126937151e-001
5.056010742e+002;1.382277161e-001
5.058250732e+002;2.584271729e-001
5.060491028e+002;2.753278613e-001
5.062731323e+002;-2.804722786e-001
5.064971619e+002;-3.024512827e-001
5.067212219e+002;-1.823778003e-001
5.069452820e+002;2.859310806e-001
5.071693726e+002;3.574994504e-001
5.073934631e+002;-3.283493593e-002
5.076175842e+002;-2.436614484e-001
5.078417053e+002;4.428547919e-001
5.080658569e+002;2.291534394e-001
5.082900085e+002;-3.249027207e-002
5.085141602e+002;2.835528553e-001
5.087383423e+002;-2.570681274e-001
5.089625244e+002;2.092805952e-001
5.091867371e+002;-9.330196679e-002
5.094109802e+002;-4.561622627e-003
5.096351929e+002;1.297274083e-001
5.098594666e+002;2.132209390e-001
5.100837097e+002;-6.174368411e-002
5.103079834e+002;-1.992868930e-001
5.105322876e+002;7.985876501e-002
5.107565918e+002;-9.275815636e-002
5.109808960e+002;6.107390299e-002
5.112052307e+002;-1.054308563e-001
5.114295959e+002;9.885608219e-003
5.116539612e+002;1.688054949e-001
5.118783264e+002;-2.531756088e-002
5.121027222e+002;-3.807492182e-002
5.123270874e+002;-9.320676327e-003
5.125515137e+002;-5.555436388e-002
5.127759399e+002;-4.120420665e-002
5.130003662e+002;-2.846084833e-001
5.132248535e+002;-5.189655721e-002
5.134493408e+002;-9.177862108e-002
5.136738281e+002;2.618811466e-002
5.138983154e+002;1.991761774e-001
5.141228027e+002;2.120225430e-001
5.143473511e+002;7.785002142e-002
5.145718994e+002;6.341359764e-002
5.147964478e+002;-4.617439210e-001
5.150209961e+002;3.494299054e-001
5.152455444e+002;3.443229944e-002
5.154701538e+002;8.356909454e-002
5.156947632e+002;-4.556072876e-002
5.159193726e+002;6.004928350e-001
5.161440430e+002;-3.548674285e-001
5.163686523e+002;-8.281621337e-002
5.165933228e+002;-3.999394178e-002
5.168179932e+002;-1.181077510e-001
5.170426636e+002;-3.328168988e-001
5.172673950e+002;-2.002352327e-001
5.174921265e+002;3.572619557e-001
5.177168579e+002;1.918355823e-001
5.179415894e+002;2.130438201e-002
5.181663208e+002;1.406534910e-001
5.183911133e+002;-1.423290744e-002
5.186159058e+002;1.913801879e-001
5.188406982e+002;-1.653975248e-001
5.190654907e+002;-2.581210136e-001
5.192903442e+002;-1.473559737e-001
5.195151367e+002;1.154235974e-001
5.197399902e+002;3.065425903e-002
5.199649048e+002;-2.452682555e-001
5.201897583e+002;3.451630706e-003
5.204146729e+002;1.472017616e-001
5.206395264e+002;1.452817172e-001
5.208645020e+002;-2.284683138e-001
5.210894165e+002;2.156892121e-001
5.213143311e+002;-1.741322130e-001
5.215393066e+002;-1.175099909e-001
5.217642822e+002;4.025190473e-001
5.219892578e+002;1.636058837e-002
5.222142944e+002;1.158852205e-001
5.224392700e+002;2.551906109e-001
5.226643066e+002;2.591927163e-002
5.228893433e+002;-2.598108351e-001
5.231143799e+002;1.221774593e-001
5.233394775e+002;-2.035286129e-001
5.235645752e+002;2.809415199e-002
5.237896729e+002;-1.760304570e-001
5.240147705e+002;2.038817704e-001
5.242398682e+002;-2.759720385e-001
5.244650269e+002;-1.657409221e-001
5.246901855e+002;-2.873779535e-001
5.249153442e+002;-7.700800896e-002
5.251405029e+002;-1.549193412e-001
5.253657227e+002;-2.253926732e-002
5.255908813e+002;7.741221040e-002
5.258161011e+002;-3.164948821e-001
5.260413208e+002;3.014316410e-002
5.262666016e+002;1.666165292e-001
5.264918213e+002;2.406900823e-001
5.267171021e+002;8.047992736e-002
5.269423828e+002;1.151583716e-001
5.271677246e+002;4.263959229e-001
5.273930054e+002;1.020225435e-001
5.276183472e+002;-6.800068170e-002
5.278436890e+002;2.264689468e-002
5.280690308e+002;5.485607777e-003
5.282943726e+002;2.405257374e-001
5.285197754e+002;-1.775606871e-001
5.287451782e+002;-9.923990816e-002
5.289705811e+002;7.498557568e-001
5.291959839e+002;1.434036344e-001
5.294213867e+002;-7.535587996e-002
5.296468506e+002;1.025884897e-001
5.298723145e+002;2.197741717e-001
5.300977783e+002;2.109685689e-001
5.303232422e+002;-1.970282644e-001
5.305487671e+002;2.315006554e-001
5.307742920e+002;8.177798986e-002
5.309998169e+002;-1.531011164e-001
5.312253418e+002;-2.555165291e-001
5.314508667e+002;3.905769587e-001
5.316764526e+002;4.144107103e-001
5.319020386e+002;-2.454255521e-001
5.321276245e+002;-6.699030846e-002
5.323532104e+002;1.903308369e-002
5.325788574e+002;-2.287402451e-001
5.328045044e+002;3.568995297e-001
5.330301514e+002;-1.990054362e-002
5.332557983e+002;5.300822854e-002
5.334814453e+002;3.133889660e-002
5.337071533e+002;2.160561979e-001
5.339328613e+002;-2.409496754e-001
5.341585693e+002;-4.351158161e-003
5.343842773e+002;-1.960691623e-002
5.346099854e+002;2.180162817e-001
5.348357544e+002;4.727008939e-002
5.350615234e+002;2.876584828e-001
5.352872925e+002;-2.484162897e-001
5.355130615e+002;1.967190057e-001
5.357388916e+002;-1.240655896e-003
5.359647217e+002;3.861776292e-001
5.361905518e+002;-2.225585431e-001
5.364163818e+002;8.359529078e-002
5.366422729e+002;-3.545745835e-002
5.368681030e+002;6.194493733e-003
5.370939941e+002;7.169646770e-002
5.373198853e+002;1.964105666e-002
5.375457764e+002;1.165889055e-001
5.377717285e+002;2.110462822e-002
5.379976807e+002;7.677059155e-003
5.382236328e+002;2.031888515e-001
5.384495850e+002;1.243031994e-001
5.386755371e+002;-1.749242842e-002
5.389015503e+002;2.449968010e-001
5.391275635e+002;-1.787992716e-001
5.393535767e+002;-4.552964121e-002
5.395795898e+002;-1.989293098e-001
5.398056030e+002;2.316942811e-001
5.400316772e+002;-8.150108904e-002
5.402577515e+002;-8.421310782e-002
5.404838257e+002;2.427776754e-001
5.407098999e+002;-1.995086223e-001
5.409360352e+002;-8.948003501e-002
5.411621704e+002;1.605306715e-001
5.413883057e+002;1.666365564e-001
5.416144409e+002;9.414490312e-002
5.418405762e+002;-1.625282466e-001
5.420667725e+002;-6.303835660e-002
5.422929688e+002;-2.669471502e-001
5.425191650e+002;-1.122698002e-002
5.427453613e+002;3.103636205e-001
5.429716187e+002;2.823754847e-001
5.431978149e+002;3.660019040e-001
5.434240723e+002;3.998514265e-002
5.436503296e+002;-9.073895216e-002
5.438766479e+002;3.333937824e-001
5.441029053e+002;-3.933363780e-002
5.443292236e+002;9.868483245e-002
5.445555420e+002;2.327525318e-001
5.447818604e+002;-7.779118419e-002
5.450082397e+002;7.824724168e-002
5.452345581e+002;-4.574150965e-002
5.454609375e+002;2.386846580e-002
5.456873169e+002;4.191226885e-002
5.459136963e+002;4.870684072e-002
5.461401367e+002;2.806547880e-001
5.463665771e+002;1.276015788e-001
5.465930176e+002;-2.636194229e-001
5.468194580e+002;1.158882976e-001
5.470458984e+002;2.206249833e-001
5.472723999e+002;2.195129991e-001
5.474988403e+002;-2.408076525e-001
5.477253418e+002;1.751066893e-001
5.479518433e+002;1.521598250e-001
5.481784058e+002;6.995203905e-003
5.484049072e+002;1.364453584e-001
5.486314697e+002;-4.425507411e-002
5.488580322e+002;2.596453130e-001
5.490846558e+002;4.583573937e-001
5.493112183e+002;-1.073908359e-001
5.495378418e+002;2.542829812e-001
5.497644653e+002;4.334539771e-001
5.499910889e+002;1.174445376e-001
5.502177124e+002;3.905340284e-002
5.504443970e+002;8.622598648e-001
5.506710205e+002;2.717339247e-002
5.508977051e+002;3.927821293e-002
5.511243896e+002;1.158759892e-001
5.513511353e+002;1.440634727e-001
5.515778198e+002;-2.259243280e-001
5.518045654e+002;2.442746982e-002
5.520313110e+002;4.321779683e-002
5.522580566e+002;-7.114679366e-002
5.524848633e+002;5.439731479e-001
5.527116699e+002;2.366967350e-001
5.529384155e+002;2.639758289e-001
5.531652222e+002;6.557257473e-002
5.533920898e+002;-1.113475189e-001
5.536188965e+002;3.078004718e-001
5.538457642e+002;-1.557073090e-002
5.540726318e+002;6.208071858e-002
5.542994995e+002;1.915573180e-001
5.545263672e+002;1.176436543e-001
5.547532959e+002;-1.236161888e-001
5.549802246e+002;1.204481348e-002
5.552071533e+002;-3.918297589e-002
5.554340820e+002;2.241689898e-002
5.556610107e+002;-1.248773187e-001
5.558880005e+002;9.224786423e-003
5.561149902e+002;-6.402286142e-002
5.563419800e+002;3.105382323e-001
5.565689697e+002;-6.382624805e-002
5.567959595e+002;1.253737807e-001
5.570230103e+002;-1.891367510e-002
5.572500610e+002;7.851105183e-003
5.574771118e+002;1.552405238e+000
5.577041626e+002;-1.022799760e-001
5.579312744e+002;-1.716811657e-001
5.581583252e+002;1.051635444e-001
5.583854370e+002;-1.781817228e-001
5.586125488e+002;-5.548443645e-002
5.588397217e+002;2.819172144e-001
5.590668335e+002;1.474349499e-001
5.592940063e+002;-7.276928425e-002
5.595211792e+002;-1.740837395e-001
5.597483521e+002;-1.644071564e-002
5.599755249e+002;3.443252444e-001
5.602027588e+002;-1.059228405e-001
5.604299927e+002;1.681170985e-002
5.606572266e+002;1.677092165e-002
5.608844604e+002;-3.157261759e-002
5.611117554e+002;2.903179228e-001
5.613389893e+002;1.492487639e-001
5.615662842e+002;4.943054914e-002
5.617935791e+002;-1.872287840e-001
5.620208740e+002;-1.625764221e-001
5.622482300e+002;-6.712108850e-002
5.624755249e+002;5.138668790e-002
5.627028809e+002;-3.224971518e-002
5.629302368e+002;1.385272015e-002
5.631576538e+002;-1.359054297e-001
5.633850098e+002;1.940952837e-001
5.636124268e+002;-6.899167597e-002
5.638398438e+002;-3.925630078e-002
5.640672607e+002;-8.231943101e-002
5.642946777e+002;2.672616625e-003
5.645221558e+002;4.055694044e-001
5.647496338e+002;8.365567774e-002
5.649771118e+002;-3.533682227e-002
5.652045898e+002;2.379407138e-001
5.654320679e+002;4.806889221e-002
5.656596069e+002;5.163867399e-002
5.658870850e+002;3.568174317e-002
5.661146240e+002;8.322799206e-002
5.663422241e+002;1.470500082e-001
5.665697632e+002;-1.123606041e-001
5.667973633e+002;-1.942348778e-001
5.670249023e+002;9.532543272e-002
5.672525024e+002;4.534019902e-002
5.674801636e+002;-7.299387455e-002
5.677077637e+002;-3.023769520e-002
5.679354248e+002;-1.373822838e-001
5.681630859e+002;2.303993553e-001
5.683907471e+002;4.639432952e-002
5.686184082e+002;-7.261592895e-002
5.688460693e+002;4.256170616e-002
5.690737915e+002;2.992823422e-001
5.693015137e+002;-9.758760780e-002
5.695292358e+002;-2.026555315e-002
5.697569580e+002;7.003185898e-002
5.699847412e+002;7.219605148e-002
5.702125244e+002;2.418899238e-001
5.704403076e+002;2.461322993e-001
5.706680908e+002;1.180445403e-001
5.708958740e+002;1.320771277e-001
5.711237183e+002;1.993629783e-001
5.713515015e+002;-3.769820184e-002
5.715793457e+002;-2.344764769e-002
5.718071899e+002;3.660930395e-001
5.720350952e+002;-1.603486389e-001
5.722629395e+002;1.311744601e-001
5.724908447e+002;-5.165039748e-002
5.727187500e+002;5.548153818e-002
5.729466553e+002;1.060412899e-001
5.731746216e+002;6.114993244e-002
5.734025269e+002;-1.182896644e-001
5.736304932e+002;1.981958151e-001
5.738584595e+002;2.823088467e-001
5.740864258e+002;1.509754509e-001
5.743144531e+002;1.610464156e-001
5.745424194e+002;8.048074692e-002
5.747704468e+002;-6.719551980e-002
5.749984741e+002;3.014879823e-001
5.752265015e+002;1.456080973e-001
5.754545898e+002;1.827589571e-001
5.756826172e+002;3.585783541e-001
5.759107056e+002;-2.775493078e-002
5.761387939e+002;-9.889873862e-002
5.763668823e+002;4.421456158e-001
5.765950317e+002;-6.853675097e-002
5.768231201e+002;-5.689050630e-002
5.770512695e+002;-1.079465821e-001
5.772794189e+002;6.058613583e-002
5.775076294e+002;3.288798332e-001
5.777357788e+002;9.424566478e-002
5.779639893e+002;-4.043243080e-002
5.781921997e+002;1.738995165e-001
5.784204102e+002;-2.770679593e-001
5.786486206e+002;-1.242777631e-001
5.788768311e+002;1.867314875e-001
5.791051025e+002;-1.379341483e-001
5.793333740e+002;-5.280675367e-002
5.795616455e+002;-2.060293555e-001
5.797899170e+002;3.335426152e-001
5.800182495e+002;2.520963848e-001
5.802465210e+002;9.999158233e-002
5.804748535e+002;9.558910131e-002
5.807031860e+002;2.691263855e-001
5.809315796e+002;2.105160803e-001
5.811599121e+002;-7.563615590e-002
5.813883057e+002;3.088314235e-001
5.816166992e+002;-8.361628652e-002
5.818450928e+002;1.297980547e-001
5.820734863e+002;-9.617756307e-002
5.823019409e+002;1.960670650e-001
5.825303345e+002;2.628062963e-001
5.827587891e+002;-1.079911143e-001
5.829872437e+002;-2.141386271e-002
5.832157593e+002;-6.590232998e-002
5.834442139e+002;4.194939137e-001
5.836727295e+002;-9.797219932e-002
5.839012451e+002;-9.499281878e-004
5.841297607e+002;-7.167240232e-002
5.843582764e+002;9.714002907e-002
5.845868530e+002;7.437985390e-002
5.848154297e+002;2.297752500e-001
5.850439453e+002;-6.043535843e-002
5.852725830e+002;5.061356351e-002
5.855011597e+002;1.055759341e-001
5.857297363e+002;1.202613264e-001
5.859583740e+002;1.167725176e-001
5.861870117e+002;5.384728312e-002
5.864156494e+002;-4.997010157e-002
5.866443481e+002;-1.687460206e-002
5.868729858e+002;1.568559110e-001
5.871016846e+002;3.028032184e-001
5.873303833e+002;-4.287715256e-002
5.875590820e+002;2.828585804e-001
5.877877808e+002;-9.017744660e-002
5.880165405e+002;2.292581350e-001
5.882452393e+002;2.246465832e-001
5.884739990e+002;-3.694806993e-002
5.887027588e+002;-4.359117895e-002
5.889315796e+002;2.513387501e-001
5.891603394e+002;-5.364407972e-002
5.893891602e+002;4.504220933e-002
5.896179810e+002;-1.433123797e-001
5.898468018e+002;2.512387633e-001
5.900756226e+002;1.872851551e-001
5.903045044e+002;3.045731038e-002
5.905333862e+002;-8.618131280e-002
5.907622681e+002;1.483066380e-001
5.909911499e+002;2.382943928e-001
5.912200317e+002;-5.365356058e-002
5.914489136e+002;-7.385389507e-002
5.916778564e+002;6.626735628e-002
5.919067993e+002;-7.593736053e-002
5.921357422e+002;2.136941254e-001
5.923646851e+002;-4.664759710e-002
5.925936890e+002;7.590401918e-002
5.928226929e+002;3.069798350e-001
5.930516968e+002;1.571785100e-002
5.932807007e+002;1.565865800e-002
5.935097046e+002;-3.068332933e-002
5.937387695e+002;-7.791543007e-002
5.939677734e+002;3.859735653e-002
5.941968384e+002;-1.405673288e-002
5.944259033e+002;-1.074669696e-002
5.946549683e+002;3.186141327e-002
5.948840942e+002;2.746849954e-001
5.951132202e+002;-1.612892374e-002
5.953423462e+002;-2.453413457e-001
5.955714722e+002;2.350662835e-003
5.958005981e+002;-5.249139853e-003
5.960297241e+002;-9.635701030e-002
5.962589111e+002;1.209039614e-002
5.964880981e+002;6.617103517e-002
5.967172852e+002;-5.236141849e-003
5.969464722e+002;6.630545855e-002
5.971757202e+002;4.355486110e-002
5.974049072e+002;1.779940277e-001
5.976341553e+002;4.138360918e-002
5.978634033e+002;-6.163674966e-002
5.980926514e+002;-4.534972459e-002
5.983219604e+002;1.151051968e-001
5.985512695e+002;1.564109027e-001
5.987805176e+002;1.183073968e-001
5.990098267e+002;-1.223018020e-001
5.992391968e+002;-1.821650751e-002
5.994685059e+002;-8.523032069e-002
5.996978760e+002;6.933467835e-002
5.999271851e+002;2.216048390e-001
6.001565552e+002;-4.298354313e-002
6.003859863e+002;-2.146335095e-001
6.006153564e+002;-4.398879781e-002
6.008447876e+002;-1.235290319e-001
6.010741577e+002;1.842276938e-002
6.013035889e+002;1.761167049e-001
6.015330811e+002;5.160588026e-002
6.017625122e+002;6.017824262e-002
6.019920044e+002;2.359416485e-001
6.022214355e+002;6.549147516e-002
6.024509277e+002;-1.080103293e-001
6.026804810e+002;3.982309625e-002
6.029099731e+002;-3.954581916e-002
6.031394653e+002;2.300763726e-001
6.033690186e+002;-1.137291268e-001
6.035985718e+002;-1.362137794e-001
6.038281250e+002;-6.308192015e-002
6.040577393e+002;9.019183367e-002
6.042872925e+002;7.946965843e-002
6.045169067e+002;-2.876433171e-002
6.047465210e+002;9.679579735e-002
6.049761353e+002;1.735325903e-002
6.052057495e+002;1.763295010e-002
6.054354248e+002;-3.976295888e-002
6.056650391e+002;6.600534916e-002
6.058947144e+002;9.783093631e-002
6.061243896e+002;2.182872407e-002
6.063541260e+002;1.314874291e-001
6.065838013e+002;-5.225836858e-002
6.068135376e+002;1.632131338e-001
6.070432129e+002;6.609204691e-003
6.072730103e+002;-2.635962702e-002
6.075027466e+002;-6.377893686e-002
6.077324829e+002;9.053076804e-002
6.079622803e+002;6.291339993e-001
6.081920776e+002;-4.197971150e-002
6.084218750e+002;-1.017988250e-001
6.086516724e+002;2.588323504e-002
6.088814697e+002;-1.999944448e-002
6.091113281e+002;5.095048994e-002
6.093411865e+002;-8.275167085e-003
6.095710449e+002;4.485701323e-001
6.098009033e+002;-1.349088103e-001
6.100307617e+002;2.494725585e-002
6.102606812e+002;-4.742056504e-002
6.104905396e+002;1.563885063e-001
6.107204590e+002;1.287957095e-002
6.109504395e+002;-1.285906434e-001
6.111803589e+002;7.708701305e-003
6.114102783e+002;-1.236376911e-001
6.116402588e+002;-2.074545771e-001
6.118702393e+002;1.828669310e-001
6.121002197e+002;3.839823976e-002
6.123302002e+002;6.256351620e-002
6.125602417e+002;1.351603866e-001
6.127902222e+002;-1.701960564e-001
6.130202637e+002;6.185676530e-002
6.132503052e+002;8.653608710e-002
6.134804077e+002;1.389286965e-001
6.137104492e+002;-3.059019567e-003
6.139405518e+002;3.076125123e-002
6.141705933e+002;1.832209527e-001
6.144006958e+002;-7.331909239e-002
6.146308594e+002;2.432741970e-001
6.148609619e+002;-7.128236443e-002
6.150911255e+002;-2.021219879e-001
6.153212280e+002;1.693326384e-001
6.155513916e+002;1.876275986e-001
6.157816162e+002;-5.658709258e-002
6.160117798e+002;5.274885148e-002
6.162419434e+002;1.114345863e-001
6.164721680e+002;-3.491424024e-002
6.167023926e+002;-8.263951540e-002
6.169326172e+002;1.268085092e-001
6.171628418e+002;-2.384488657e-002
6.173931274e+002;-2.516222298e-001
6.176234131e+002;-3.437699378e-002
6.178536377e+002;4.080112651e-002
6.180839844e+002;5.121842027e-002
6.183142700e+002;4.120114073e-002
6.185445557e+002;5.196261033e-002
6.187749023e+002;8.801766671e-003
6.190052490e+002;-6.398657337e-003
6.192355957e+002;2.043061256e-001
6.194659424e+002;2.366999350e-002
6.196962891e+002;-3.001292981e-002
6.199266968e+002;2.633545697e-001
6.201571045e+002;2.548471987e-001
6.203875122e+002;-9.464003146e-003
6.206179199e+002;1.028046608e-001
6.208483276e+002;-1.939055622e-001
6.210787964e+002;1.701928079e-001
6.213092041e+002;-1.824739575e-001
6.215396729e+002;2.641650140e-001
6.217701416e+002;2.158787102e-002
6.220006104e+002;2.597423829e-002
6.222311401e+002;-5.607922748e-002
6.224616699e+002;-1.368224248e-002
6.226921387e+002;1.405989081e-001
6.229226685e+002;3.590927124e-001
6.231532593e+002;-8.497463912e-002
6.233837891e+002;1.272158027e-001
6.236143799e+002;1.340769529e-001
6.238449097e+002;-6.088854373e-002
6.240755005e+002;2.447001487e-001
6.243061523e+002;-1.121135354e-001
6.245367432e+002;1.887542307e-001
6.247673340e+002;3.995448351e-002
6.249979858e+002;1.603869647e-001
6.252286377e+002;1.178425774e-001
6.254592896e+002;7.241750509e-002
6.256899414e+002;-8.454403840e-003
6.259206543e+002;-1.715472713e-002
6.261513672e+002;-3.967888653e-002
6.263820190e+002;8.215727657e-002
6.266127319e+002;5.555734970e-003
6.268435059e+002;3.979523852e-002
6.270742188e+002;-1.622211188e-001
6.273049927e+002;1.946276240e-002
6.275357056e+002;1.302789301e-001
6.277664795e+002;6.851958483e-002
6.279973145e+002;1.052253172e-001
6.282280884e+002;-4.545795918e-002
6.284588623e+002;1.688267589e-001
6.286896973e+002;8.781102300e-002
6.289205322e+002;1.765573025e-001
6.291513672e+002;-2.151100151e-002
6.293822021e+002;9.196195751e-002
6.296130981e+002;4.302655160e-002
6.298439941e+002;1.244341284e-001
6.300748291e+002;9.877631068e-002
6.303057251e+002;5.620039254e-002
6.305366821e+002;1.366703808e-001
6.307675781e+002;1.702650040e-001
6.309985352e+002;4.524597898e-003
6.312294312e+002;2.376995794e-002
6.314603882e+002;2.641561255e-002
6.316913452e+002;-6.845667958e-002
6.319223633e+002;1.420069337e-001
6.321533203e+002;-3.790587932e-002
6.323843384e+002;-1.186177433e-001
6.326153564e+002;-5.068278685e-002
6.328463745e+002;1.102248952e-001
6.330773926e+002;8.838533424e-003
6.333084717e+002;-2.046508901e-002
6.335394897e+002;-9.717992507e-003
6.337705688e+002;4.200643674e-002
6.340016479e+002;1.331401914e-001
6.342327271e+002;-1.174900010e-001
6.344638062e+002;1.159434021e-001
6.346949463e+002;-1.642572731e-001
6.349260864e+002;6.011822075e-002
6.351572266e+002;-4.393442348e-002
6.353883667e+002;2.052221298e-001
6.356195068e+002;1.223536432e-001
6.358506470e+002;5.456231162e-002
6.360818481e+002;-1.638350338e-001
6.363130493e+002;-9.615511447e-002
6.365442505e+002;3.432025434e-003
6.367754517e+002;8.238688111e-002
6.370067139e+002;-7.498521358e-002
6.372379150e+002;6.042989343e-002
6.374691772e+002;9.946585633e-003
6.377004395e+002;-4.161366075e-002
6.379317017e+002;2.443890572e-001
6.381629639e+002;1.174862161e-001
6.383942871e+002;8.291012608e-003
6.386255493e+002;1.142582297e-001
6.388568726e+002;6.499573588e-002
6.390881958e+002;-9.476464987e-002
6.393195190e+002;1.406282037e-001
6.395509033e+002;-1.228640154e-001
6.397822266e+002;1.917729527e-002
6.400136108e+002;9.085106850e-002
6.402449951e+002;6.127246469e-002
6.404763794e+002;-2.278279066e-001
6.407078247e+002;-1.462908275e-002
6.409392090e+002;1.754149348e-001
6.411706543e+002;-9.370872751e-003
6.414020996e+002;1.870346516e-001
6.416335449e+002;2.886436880e-001
6.418649902e+002;2.373157144e-001
6.420964355e+002;1.025398374e-001
6.423279419e+002;1.394597441e-001
6.425594482e+002;1.466888189e-001
6.427909546e+002;1.408980489e-001
6.430224609e+002;1.437597275e-001
6.432539673e+002;1.220996305e-002
6.434854736e+002;4.553860053e-002
6.437170410e+002;-7.969412953e-002
6.439486084e+002;3.746834397e-002
6.441801758e+002;-4.740789160e-002
6.444117432e+002;2.652847767e-001
6.446433716e+002;-5.416980013e-003
6.448749390e+002;1.841671169e-001
6.451065674e+002;-2.076453865e-001
6.453381958e+002;6.329307705e-002
6.455698242e+002;-1.794467121e-001
6.458014526e+002;-4.557073116e-002
6.460331421e+002;1.963750459e-002
6.462648315e+002;1.098100990e-001
6.464964600e+002;-1.595787406e-001
6.467281494e+002;2.679195106e-001
6.469598999e+002;-6.160852686e-002
6.471915894e+002;6.043518893e-003
6.474233398e+002;1.094170585e-001
6.476550293e+002;5.871704221e-002
6.478867798e+002;-9.065219760e-002
6.481185303e+002;4.857156426e-002
6.483503418e+002;-2.250779122e-001
6.485820923e+002;-2.728099227e-001
6.488139038e+002;-2.904787064e-001
6.490457153e+002;1.963063478e-001
6.492775269e+002;-7.125612348e-002
6.495093384e+002;6.140636746e-003
6.497411499e+002;3.957870975e-002
6.499730225e+002;1.367154419e-001
6.502048950e+002;-1.046528108e-002
6.504367676e+002;1.328881085e-001
6.506686401e+002;2.561916709e-001
6.509005127e+002;6.267283857e-002
6.511323853e+002;2.875403464e-001
6.513643188e+002;1.338295490e-001
6.515962524e+002;-3.050196916e-002
6.518281860e+002;-5.005685613e-002
6.520601196e+002;-3.405870870e-002
6.522920532e+002;2.045240626e-002
6.525240479e+002;2.917296886e-001
6.527560425e+002;1.138287112e-001
6.529879761e+002;4.369084910e-002
6.532199707e+002;-1.709921658e-001
6.534520264e+002;9.181912988e-002
6.536840210e+002;-8.906342834e-002
6.539160767e+002;1.097843871e-001
6.541480713e+002;-7.568749040e-002
6.543801270e+002;4.685860872e-002
6.546122437e+002;1.616376638e-001
6.548442993e+002;7.771943510e-002
6.550763550e+002;1.182757318e-001
6.553084717e+002;1.790482998e-001
6.555405884e+002;2.289217561e-001
6.557727051e+002;-2.404575497e-001
6.560048218e+002;-2.193755358e-001
6.562369385e+002;3.413028270e-002
6.564691162e+002;-1.100359634e-001
6.567012939e+002;2.593464032e-002
6.569334717e+002;3.620850295e-002
6.571656494e+002;-7.441852242e-002
6.573978271e+002;-7.645151578e-003
6.576300049e+002;-9.729985893e-002
6.578622437e+002;-6.568818539e-002
6.580944824e+002;-5.295163020e-002
6.583267212e+002;-2.304981500e-001
6.585589600e+002;-2.284886539e-001
6.587911987e+002;-4.612091463e-003
6.590234985e+002;-6.266895682e-002
6.592557373e+002;4.406470656e-001
6.594880371e+002;-3.389995173e-002
6.597203369e+002;2.181356773e-002
6.599526978e+002;2.844221890e-001
6.601849976e+002;-6.546287239e-002
6.604172974e+002;1.599685252e-001
6.606496582e+002;2.758423053e-002
6.608820190e+002;-1.183066331e-002
6.611143799e+002;3.832855262e-003
6.613467407e+002;2.972953953e-002
6.615791626e+002;1.627441496e-001
6.618115845e+002;7.295202464e-002
6.620439453e+002;1.540073007e-001
6.622763672e+002;1.765650362e-001
6.625087891e+002;5.780391395e-002
6.627412720e+002;1.322773248e-001
6.629736938e+002;1.584130079e-001
6.632061768e+002;7.384520955e-003
6.634386597e+002;-7.368753850e-002
6.636711426e+002;4.237095267e-002
6.639036255e+002;1.750354618e-001
6.641361084e+002;-1.210892946e-001
6.643686523e+002;9.810798801e-003
6.646011963e+002;-1.826599985e-001
6.648336792e+002;-5.259289220e-002
6.650662842e+002;1.927441657e-001
6.652988281e+002;5.034735426e-002
6.655313721e+002;-5.938202515e-002
6.657639771e+002;-1.510862112e-001
6.659965820e+002;5.945302546e-002
6.662291870e+002;6.103539839e-002
6.664617920e+002;2.193666399e-001
6.666943970e+002;4.750353694e-001
6.669270020e+002;-5.538553372e-002
6.671596680e+002;3.179606423e-002
6.673923340e+002;1.488114893e-001
6.676250000e+002;-1.726690829e-001
6.678576660e+002;-1.085021049e-001
6.680903320e+002;-8.257878944e-003
6.683230591e+002;1.573926061e-001
6.685557251e+002;-6.731442362e-002
6.687884521e+002;3.836153820e-002
6.690211792e+002;6.421685219e-002
6.692539673e+002;-4.044241086e-002
6.694866943e+002;-5.649914965e-002
6.697194214e+002;-1.158610284e-001
6.699522095e+002;2.401148379e-001
6.701849976e+002;2.414552569e-001
6.704177856e+002;-1.642638147e-001
6.706505737e+002;5.956216529e-002
6.708834229e+002;-6.169002503e-002
6.711162109e+002;-9.386427701e-002
6.713490601e+002;-6.911206990e-002
6.715819092e+002;-2.457319759e-002
6.718147583e+002;1.700003445e-001
6.720476074e+002;1.031681001e-001
6.722805176e+002;-2.335060202e-002
6.725134277e+002;-4.694753513e-002
6.727462769e+002;-9.543585032e-002
6.729791870e+002;2.383409441e-002
6.732120972e+002;3.001198471e-001
6.734450684e+002;8.974702656e-002
6.736779785e+002;6.736252457e-002
6.739109497e+002;2.760272659e-002
6.741439209e+002;1.360355765e-001
6.743768921e+002;7.871517539e-002
6.746098633e+002;-6.027868018e-003
6.748428345e+002;-4.100241140e-002
6.750758667e+002;-2.228570171e-002
6.753088379e+002;-9.247163683e-002
6.755418701e+002;3.028359450e-002
6.757749023e+002;1.044023708e-001
6.760079346e+002;1.081825346e-001
6.762410278e+002;-9.025634825e-002
6.764740601e+002;1.585354656e-001
6.767071533e+002;-1.028872728e-001
6.769402466e+002;8.447328210e-002
6.771733398e+002;8.323499560e-002
6.774064331e+002;6.819327176e-002
6.776395874e+002;1.198541373e-001
6.778726807e+002;-1.118175387e-001
6.781058350e+002;1.154203247e-002
6.783389893e+002;-2.622401156e-002
6.785721436e+002;-3.758445755e-002
6.788052979e+002;-1.457701772e-001
6.790385132e+002;-4.635959491e-002
6.792716675e+002;-3.292494118e-001
6.795048828e+002;-1.154222712e-001
6.797380981e+002;1.496205926e-001
6.799713135e+002;1.332863569e-001
6.802045288e+002;-1.529647261e-001
6.804378052e+002;9.002521634e-003
6.806710205e+002;-4.749617353e-002
6.809042969e+002;-1.340263337e-001
6.811375732e+002;2.799434066e-001
6.813708496e+002;-1.540014148e-001
6.816041260e+002;4.276687279e-002
6.818374634e+002;2.712049987e-003
6.820707397e+002;-4.788172897e-003
6.823040771e+002;3.516948223e-002
6.825374146e+002;-8.708742261e-002
6.827707520e+002;-1.842870861e-001
6.830041504e+002;-2.472040243e-002
6.832374878e+002;-5.711694062e-002
6.834708862e+002;-1.418382078e-001
6.837042236e+002;-3.587101400e-002
6.839376221e+002;2.151272148e-001
6.841710815e+002;-2.460374124e-002
6.844044800e+002;-1.495903879e-001
6.846378784e+002;3.354018033e-001
6.848713379e+002;-9.990921617e-002
6.851047974e+002;4.469861463e-002
6.853382568e+002;-1.810971797e-001
6.855717163e+002;9.760948271e-002
6.858051758e+002;3.772295415e-001
6.860386963e+002;-1.524186581e-001
6.862721558e+002;7.276546210e-002
6.865056763e+002;1.242224425e-001
6.867391968e+002;5.906296521e-002
6.869727173e+002;4.795432091e-002
6.872062988e+002;-1.417025030e-001
6.874398193e+002;1.322230697e-001
6.876734009e+002;4.368583560e-001
6.879069824e+002;-7.810842246e-002
6.881405640e+002;1.609571837e-002
6.883741455e+002;-5.850938708e-002
6.886077271e+002;-6.825545430e-002
6.888413696e+002;1.957619637e-001
6.890749512e+002;-1.085445806e-001
6.893085938e+002;-2.663899399e-002
6.895422363e+002;-4.247231409e-002
6.897758789e+002;2.097129524e-001
6.900095825e+002;-3.998364136e-002
6.902432251e+002;5.866256729e-002
6.904769287e+002;1.450273991e-001
6.907106323e+002;-1.239011511e-001
6.909443359e+002;-1.759778708e-001
6.911780396e+002;1.155349165e-001
6.914117432e+002;-9.806646407e-002
6.916454468e+002;-2.192391455e-001
6.918792114e+002;6.556705385e-002
6.921129761e+002;-6.993204355e-002
6.923467407e+002;-1.133462265e-001
6.925805054e+002;2.366445363e-001
6.928142700e+002;1.895816475e-001
6.930480957e+002;1.135961637e-001
6.932819214e+002;-1.928036511e-001
6.935156860e+002;-9.383616596e-002
6.937495117e+002;1.707832702e-002
6.939833984e+002;2.788272202e-001
6.942172241e+002;-9.387315065e-002
6.944510498e+002;-6.618160009e-002
6.946849365e+002;3.058095872e-001
6.949188232e+002;-3.847871721e-002
6.951527100e+002;3.595631123e-001
6.953865967e+002;-1.268799454e-001
6.956204834e+002;-2.042011023e-001
6.958544312e+002;-1.438753009e-001
6.960883179e+002;4.867524654e-002
6.963222656e+002;-1.744963527e-001
6.965562134e+002;1.046217754e-001
6.967901611e+002;4.393739998e-002
6.970241089e+002;1.967656612e-002
6.972581177e+002;3.070265949e-001
6.974921265e+002;-9.482423216e-002
6.977260742e+002;7.210097462e-002
6.979600830e+002;-1.266787201e-001
6.981940918e+002;9.909307212e-002
6.984281616e+002;1.992674619e-001
6.986621704e+002;1.885261089e-001
6.988962402e+002;5.902197585e-002
6.991303101e+002;-2.929082885e-002
6.993643188e+002;4.202180356e-002
6.995984497e+002;1.590147167e-001
6.998325195e+002;-5.523562059e-002
7.000665894e+002;-1.293964237e-001
7.003007202e+002;-1.617061496e-001
7.005348511e+002;2.019871920e-001
7.007689209e+002;2.406662107e-001
7.010031128e+002;-2.365289927e-001
7.012372437e+002;3.498527780e-002
7.014713745e+002;8.470064402e-002
7.017055664e+002;4.742850363e-002
7.019396973e+002;-2.248336524e-001
7.021738892e+002;-3.582075611e-002
7.024080811e+002;1.386278868e-002
7.026423340e+002;-1.163650155e-001
7.028765259e+002;8.886690252e-003
7.031107788e+002;5.106557906e-002
7.033449707e+002;2.099621147e-001
7.035792236e+002;-8.660704643e-002
7.038134766e+002;-1.547882259e-001
7.040477295e+002;4.833128154e-001
7.042820435e+002;2.130016088e-001
7.045162964e+002;7.943306118e-002
7.047506104e+002;-1.100005284e-001
7.049849243e+002;-4.682885483e-002
7.052192383e+002;-3.196623549e-002
7.054535522e+002;2.061244304e-004
7.056878662e+002;2.401395887e-001
7.059222412e+002;1.759929210e-001
7.061565552e+002;7.084446400e-002
7.063909302e+002;-3.512078663e-003
7.066253052e+002;-3.449209407e-002
7.068596802e+002;-9.151693434e-002
7.070941162e+002;3.925018944e-003
7.073284912e+002;1.881245710e-002
7.075629272e+002;1.429292411e-001
7.077973022e+002;1.319904923e-001
7.080317383e+002;1.905690134e-001
7.082661743e+002;-2.593031339e-002
7.085006714e+002;-1.031180099e-001
7.087351074e+002;4.755379260e-002
7.089696045e+002;-9.209677577e-002
7.092040405e+002;-1.035052314e-001
7.094385376e+002;-6.034673192e-003
7.096730347e+002;1.800803840e-001
7.099075928e+002;3.402414620e-001
7.101420898e+002;1.879207194e-001
7.103765869e+002;-1.989085525e-001
7.106111450e+002;1.180985793e-001
7.108457031e+002;-1.440546066e-001
7.110802612e+002;2.060073614e-001
7.113148193e+002;2.816216648e-001
7.115494385e+002;-1.041133106e-001
7.117839966e+002;9.960061312e-002
7.120186157e+002;-2.015947551e-001
7.122532349e+002;-5.408682674e-002
7.124878540e+002;7.105062157e-002
7.127224731e+002;3.825915456e-001
7.129570923e+002;-7.086747885e-002
7.131917114e+002;1.349793077e-001
7.134263916e+002;-2.518295646e-001
7.136610718e+002;-1.693349779e-001
7.138957520e+002;-3.187847733e-001
7.141304321e+002;1.074745655e-001
7.143651123e+002;-1.456601918e-001
7.145998535e+002;2.657018006e-001
7.148345337e+002;-5.756042153e-002
7.150692749e+002;-1.772810519e-001
7.153040161e+002;-1.761293411e-001
7.155387573e+002;1.277460903e-001
7.157734985e+002;-9.527458251e-002
7.160082397e+002;-8.824237622e-003
7.162430420e+002;-1.135341823e-001
7.164777832e+002;2.734263539e-001
7.167125854e+002;-9.439978749e-002
7.169473877e+002;1.911796331e-001
7.171821899e+002;1.368587911e-001
7.174170532e+002;-4.801517725e-002
7.176518555e+002;9.035374224e-002
7.178867188e+002;2.406985015e-001
7.181215820e+002;-2.202475071e-002
7.183564453e+002;9.325993061e-002
7.185913086e+002;5.271267891e-002
7.188261719e+002;1.204308588e-002
7.190610352e+002;1.054381356e-001
7.192959595e+002;-1.275221705e-001
7.195308838e+002;-5.782004818e-002
7.197658081e+002;3.589583933e-002
7.200007324e+002;2.397602946e-001
7.202356567e+002;-4.615725577e-002
7.204705811e+002;-1.933253706e-001
7.207055664e+002;9.973750263e-002
7.209404907e+002;-1.060028076e-001
7.211754761e+002;-3.763727145e-003
7.214104614e+002;3.482706845e-002
7.216454468e+002;3.518928885e-001
7.218804932e+002;-1.278610826e-001
7.221154785e+002;2.858940661e-001
7.223505249e+002;4.030703381e-002
7.225855103e+002;-1.174729317e-001
7.228205566e+002;1.139606461e-001
7.230556030e+002;2.968509682e-002
7.232907104e+002;-7.482609898e-002
7.235257568e+002;4.491373301e-001
7.237608032e+002;2.780750096e-001
7.239959106e+002;-2.396855503e-002
7.242310181e+002;-2.581412196e-001
7.244661255e+002;-1.055502612e-002
7.247012329e+002;-1.731198654e-002
7.249364014e+002;4.207809642e-002
7.251715088e+002;-9.710793197e-002
7.254066772e+002;-7.143335044e-002
7.256417847e+002;3.135772049e-002
7.258769531e+002;4.274770916e-001
7.261121216e+002;1.109537948e-002
7.263473511e+002;1.117701977e-001
7.265825195e+002;-8.281317353e-002
7.268177490e+002;-1.577387899e-001
7.270529175e+002;-1.701624393e-001
7.272881470e+002;2.428318113e-001
7.275233765e+002;3.160674497e-002
7.277586060e+002;-9.536418319e-002
7.279938965e+002;-1.200358123e-001
7.282291260e+002;-4.625743255e-002
7.284644165e+002;-7.499699295e-002
7.286997070e+002;-5.999792367e-002
7.289349976e+002;1.071904972e-001
7.291702881e+002;2.224647105e-001
7.294055786e+002;-1.643348187e-001
7.296408691e+002;1.058390439e-001
7.298762207e+002;-5.467536673e-002
7.301115723e+002;-1.076270640e-002
7.303469238e+002;-1.373158842e-001
7.305822754e+002;-3.967554122e-002
7.308176270e+002;5.534299463e-002
7.310529785e+002;-3.414470553e-001
7.312883911e+002;1.021958217e-001
7.315237427e+002;1.585851163e-001
7.317591553e+002;-3.696532920e-002
7.319945679e+002;3.036479950e-001
7.322299805e+002;-1.080119237e-002
7.324653931e+002;-5.213396996e-002
7.327008667e+002;2.415255755e-001
7.329362793e+002;-2.370430827e-001
7.331717529e+002;4.569829106e-001
7.334072266e+002;5.406191945e-002
7.336427002e+002;-2.204341441e-001
7.338781738e+002;-1.769391634e-002
7.341136475e+002;-1.294086277e-001
7.343491821e+002;-1.444949955e-001
7.345847168e+002;-6.180915609e-002
7.348201904e+002;4.432768747e-002
7.350557251e+002;7.469758391e-002
7.352912598e+002;2.417861521e-001
7.355268555e+002;1.505477428e-001
7.357623901e+002;-6.871997565e-002
7.359979858e+002;-2.369208336e-001
7.362335205e+002;-2.872010879e-002
7.364691162e+002;-2.632144690e-001
7.367047119e+002;-3.423041478e-002
7.369403076e+002;-2.093385905e-001
7.371759033e+002;1.878477782e-001
7.374115601e+002;-7.296597213e-002
7.376472168e+002;2.584456503e-001
7.378828125e+002;3.615622595e-002
7.381184692e+002;-1.573906988e-001
7.383541260e+002;1.683813520e-002
7.385897827e+002;3.624611720e-002
7.388255005e+002;1.734571159e-001
7.390611572e+002;-4.830481485e-002
7.392968750e+002;4.680557847e-001
7.395325928e+002;1.133964024e-002
7.397683105e+002;1.016705930e-001
7.400040283e+002;1.392231733e-001
7.402397461e+002;1.087348163e-001
7.404755249e+002;2.526672557e-002
7.407112427e+002;-9.510073811e-003
7.409470215e+002;1.046220288e-001
7.411828003e+002;1.116651893e-001
7.414185791e+002;6.567709893e-002
7.416543579e+002;-1.766008437e-001
7.418901367e+002;-2.484565601e-002
7.421259766e+002;-2.197952867e-001
7.423617554e+002;-1.277521551e-001
7.425975952e+002;-1.556709409e-001
7.428334351e+002;-1.542992443e-001
7.430692749e+002;-3.538503647e-001
7.433051147e+002;3.840988576e-001
7.435410156e+002;-1.505604535e-001
7.437768555e+002;3.088901043e-001
7.440127563e+002;-2.430626601e-001
7.442486572e+002;3.359929025e-001
7.444845581e+002;-6.412788481e-002
7.447204590e+002;1.283978019e-002
7.449563599e+002;1.572574228e-001
7.451922607e+002;3.020784855e-001
7.454282227e+002;1.701547801e-001
7.456641846e+002;1.464201063e-001
7.459000854e+002;-5.327350274e-002
7.461360474e+002;5.518377572e-002
7.463720703e+002;1.173496544e-001
7.466080322e+002;2.330735177e-001
7.468439941e+002;-2.171566486e-001
7.470800171e+002;-2.095485851e-002
7.473160400e+002;-6.489541382e-002
7.475520630e+002;1.929631978e-001
7.477880859e+002;8.748990484e-003
7.480241089e+002;3.653532863e-001
7.482601318e+002;4.504674580e-003
7.484962158e+002;3.582984209e-002
7.487322388e+002;3.748501539e-001
7.489683228e+002;7.722890377e-002
7.492044067e+002;-2.833852358e-002
7.494404907e+002;2.741033956e-002
7.496765747e+002;1.491784751e-001
7.499127197e+002;2.480291128e-001
7.501488037e+002;1.006326973e-001
7.503849487e+002;1.322886050e-001
7.506210938e+002;-1.700084843e-002
7.508572388e+002;-2.051507533e-001
7.510933838e+002;3.617006168e-002
7.513295288e+002;-3.715590388e-002
7.515656738e+002;-2.545015812e-001
7.518018799e+002;8.511266857e-002
7.520380859e+002;-4.874451086e-002
7.522742310e+002;-1.079469621e-001
7.525104370e+002;4.572080448e-003
7.527467041e+002;-2.142691240e-002
7.529829102e+002;-2.311540693e-001
7.532191162e+002;1.181935519e-002
7.534553833e+002;4.567729235e-001
7.536916504e+002;-7.013285533e-003
7.539278564e+002;-4.479145631e-002
7.541641235e+002;1.906889081e-001
7.544004517e+002;6.282057613e-002
7.546367188e+002;-7.040051743e-003
7.548729858e+002;1.773270778e-002
7.551093140e+002;1.593011767e-001
7.553456421e+002;1.405282468e-001
7.555819702e+002;8.368246257e-002
7.558182983e+002;1.489615813e-002
7.560546265e+002;3.259293437e-001
7.562909546e+002;-7.757530361e-002
7.565273438e+002;-3.354156390e-002
7.567636719e+002;2.590090632e-001
7.570000610e+002;-1.585925221e-001
7.572364502e+002;-1.778247356e-001
7.574728394e+002;-1.323540211e-001
7.577092285e+002;6.515184790e-002
7.579456177e+002;-2.494100779e-001
7.581820679e+002;-1.254512221e-001
7.584185181e+002;-3.380761668e-002
7.586549072e+002;8.769744635e-002
7.588913574e+002;-6.950764358e-002
7.591278076e+002;-2.201091498e-002
7.593642578e+002;-4.133844003e-002
7.596007690e+002;-1.558503956e-001
7.598372192e+002;-7.113569975e-002
7.600737305e+002;1.000061259e-001
7.603102417e+002;3.600913286e-002
7.605467529e+002;-1.765537821e-002
7.607832642e+002;-9.989824146e-002
7.610197754e+002;-6.700846553e-002
7.612562866e+002;-3.544862568e-001
7.614928589e+002;2.412917018e-001
7.617293701e+002;7.214984298e-002
7.619659424e+002;-8.970063925e-002
7.622025146e+002;-5.749211647e-003
7.624390869e+002;-7.625538856e-002
7.626757202e+002;-2.609962523e-001
7.629122925e+002;2.645517588e-001
7.631488647e+002;2.466126829e-001
7.633854980e+002;-1.847376227e-001
7.636221313e+002;-2.435886860e-001
7.638587646e+002;3.299007714e-001
7.640953979e+002;-2.986064926e-002
7.643320313e+002;-1.305922866e-001
7.645686646e+002;-6.748455018e-002
7.648053589e+002;1.733074337e-001
7.650420532e+002;3.288518786e-001
7.652786865e+002;-1.053619757e-001
7.655153809e+002;-3.901949152e-002
7.657520752e+002;-5.114363506e-002
7.659888306e+002;-8.302864432e-002
7.662255249e+002;2.699800432e-001
7.664622803e+002;2.307663262e-001
7.666989746e+002;2.096997350e-001
7.669357300e+002;-9.387648851e-002
7.671724854e+002;1.975456178e-001
7.674092407e+002;1.021036804e-001
7.676459961e+002;1.386898756e-001
7.678828125e+002;4.595453292e-002
7.681195679e+002;7.874789648e-003
7.683563843e+002;-1.570176035e-001
7.685931396e+002;-6.693522632e-002
7.688299561e+002;4.190032184e-001
7.690667725e+002;1.945089549e-001
7.693036499e+002;-3.497702256e-002
7.695404663e+002;1.903055608e-001
7.697772827e+002;5.397855863e-002
7.700141602e+002;-2.520160079e-001
7.702510376e+002;-4.287929460e-002
7.704879150e+002;-1.725286245e-001
7.707247925e+002;-2.533673048e-001
7.709616699e+002;9.003782272e-002
7.711985474e+002;-1.299996227e-001
7.714354858e+002;2.586505725e-004
7.716723633e+002;4.045094550e-001
7.719093018e+002;1.433938742e-001
7.721462402e+002;-2.444693744e-001
7.723831787e+002;3.304158151e-002
7.726201172e+002;4.869117215e-002
7.728571167e+002;-7.011532038e-002
7.730940552e+002;-8.904220164e-002
7.733310547e+002;-9.069710225e-002
7.735679932e+002;2.059211731e-001
7.738049927e+002;-1.427939683e-001
7.740419922e+002;-1.445518136e-001
7.742789917e+002;2.398925722e-001
7.745160522e+002;5.552932993e-002
7.747530518e+002;3.190054744e-002
7.749901123e+002;-2.194212563e-002
7.752271729e+002;2.815062702e-001
7.754641724e+002;-2.640978992e-001
7.757012329e+002;-4.758916050e-002
7.759382935e+002;-2.011387497e-001
7.761754150e+002;9.157772362e-002
7.764124756e+002;2.113340423e-002
7.766495972e+002;-3.348552436e-002
7.768866577e+002;1.315581892e-002
7.771237793e+002;-1.529872715e-001
7.773609009e+002;9.971996769e-003
7.775980225e+002;2.287875414e-001
7.778352051e+002;1.237165779e-001
7.780723267e+002;-2.097510248e-001
7.783094482e+002;-9.763676673e-002
7.785466309e+002;7.059431821e-002
7.787838135e+002;-1.422494799e-001
7.790209961e+002;-1.704248041e-001
7.792581787e+002;1.648079306e-001
7.794953613e+002;-7.727809250e-002
7.797325439e+002;2.135923058e-001
7.799697876e+002;-2.129453979e-002
7.802070313e+002;3.187941015e-002
7.804442139e+002;-3.638635948e-002
7.806814575e+002;-2.488676012e-001
7.809187012e+002;-3.491976857e-002
7.811559448e+002;-1.190777943e-001
7.813932495e+002;4.028196931e-001
7.816304932e+002;-1.939033717e-001
7.818677979e+002;-8.608493954e-002
7.821051025e+002;1.343798786e-001
7.823423462e+002;2.028992772e-001
7.825796509e+002;-1.243965477e-001
7.828170166e+002;1.595058292e-001
7.830543213e+002;1.169671491e-001
7.832916260e+002;-8.742166311e-002
7.835289917e+002;-4.449983314e-002
7.837662964e+002;9.700932354e-002
7.840036621e+002;-4.473630711e-002
7.842410278e+002;7.230765652e-003
7.844783936e+002;-3.274793923e-002
7.847158203e+002;5.782892928e-002
7.849531860e+002;-1.369233802e-002
7.851905518e+002;-1.819169670e-001
7.854279785e+002;2.531263232e-001
7.856654053e+002;-1.739755124e-001
7.859028320e+002;2.473021150e-001
7.861402588e+002;4.896707833e-001
7.863776855e+002;-4.033719301e-001
7.866151123e+002;-1.097029150e-001
7.868526001e+002;1.355270147e-001
7.870900269e+002;2.571576834e-001
7.873275146e+002;1.397792101e-001
7.875650024e+002;1.006544232e-001
7.878024902e+002;6.137919053e-002
7.880399780e+002;1.299501210e-001
7.882774658e+002;-3.750685453e-001
7.885150146e+002;3.470809758e-002
7.887525024e+002;-1.013728306e-001
7.889900513e+002;5.336365700e-001
7.892276001e+002;2.885986269e-001
7.894651489e+002;-2.101628333e-001
7.897026978e+002;8.111131936e-002
7.899402466e+002;-1.563286036e-001
7.901777954e+002;-1.493657529e-001
7.904154053e+002;1.512781344e-002
7.906529541e+002;4.302843660e-002
7.908905640e+002;3.859316111e-001
7.911281738e+002;-2.239247262e-001
7.913657837e+002;-5.213858932e-002
7.916033936e+002;-8.426056802e-002
7.918410645e+002;1.057917029e-001
7.920786743e+002;1.154233664e-001
7.923162842e+002;7.704948187e-001
7.925539551e+002;2.582153380e-001
7.927916260e+002;8.961455524e-002
7.930292969e+002;-9.304977208e-002
7.932669678e+002;1.912111342e-001
7.935046387e+002;-2.080554217e-001
7.937423706e+002;1.955935806e-001
7.939800415e+002;3.244490921e-001
7.942177734e+002;-2.166463286e-001
7.944554443e+002;1.041046232e-001
7.946931763e+002;-3.814391047e-002
7.949309082e+002;-1.886357665e-001
7.951687012e+002;3.217898484e-004
7.954064331e+002;1.531603932e-001
7.956441650e+002;5.070110038e-002
7.958819580e+002;5.852597207e-002
7.961197510e+002;3.635177612e-001
7.963574829e+002;2.125216573e-001
7.965952759e+002;-8.341208845e-002
7.968330688e+002;-1.870149225e-001
7.970709229e+002;-1.656764150e-001
7.973087158e+002;1.804123372e-001
7.975465088e+002;2.590648532e-001
7.977843628e+002;-1.802645922e-001
7.980222168e+002;3.951017559e-001
7.982600708e+002;3.377906233e-002
7.984979248e+002;2.444056720e-001
7.987357788e+002;1.805629581e-002
7.989736328e+002;2.004666813e-002
7.992115479e+002;-2.532166615e-002
7.994494019e+002;2.945159078e-001
7.996873169e+002;-1.736154407e-001
7.999252319e+002;-1.676101238e-001
8.001630859e+002;3.792732954e-002
8.004010620e+002;4.533700943e-001
8.006389771e+002;-8.679490536e-002
8.008768921e+002;2.380018681e-001
8.011148682e+002;5.296697617e-001
8.013527832e+002;6.510918140e-001
8.015907593e+002;4.406884685e-002
8.018287354e+002;-3.043860495e-001
8.020667114e+002;-2.628681362e-001
8.023046875e+002;1.599611938e-001
8.025426636e+002;-3.990392685e-001
8.027806396e+002;1.833369955e-002
8.030186768e+002;-8.182600141e-002
8.032567139e+002;5.303975344e-001
8.034946899e+002;4.660718143e-002
8.037327271e+002;1.755088717e-001
8.039707642e+002;4.322158694e-001
8.042088013e+002;-1.230914965e-001
8.044468994e+002;5.147699714e-001
8.046849365e+002;-8.083419502e-002
8.049230347e+002;1.467842460e-001
8.051610718e+002;6.767621040e-001
8.053991699e+002;-1.699116779e-003
8.056372681e+002;1.942812055e-001
8.058753662e+002;3.068315387e-001
8.061134644e+002;1.763224453e-001
8.063516235e+002;-4.063202068e-002
8.065897217e+002;-1.821113676e-001
8.068278809e+002;-1.608049311e-002
8.070659790e+002;-2.257358134e-001
8.073041382e+002;5.997277051e-002
8.075422974e+002;1.420058131e+000
8.077804565e+002;-2.344156504e-001
8.080186768e+002;1.076340377e-001
8.082568359e+002;2.306338400e-002
8.084949951e+002;-2.167000622e-001
8.087332153e+002;-1.735567451e-001
8.089714355e+002;-2.484008521e-001
8.092096558e+002;-1.886204481e-001
8.094478760e+002;-2.849843800e-001
8.096860962e+002;1.379780620e-001
8.099243164e+002;-7.481827587e-002
8.101625366e+002;4.217917472e-002
8.104008179e+002;2.265602797e-001
8.106390991e+002;6.325734407e-002
8.108773193e+002;1.222662330e-001
8.111156006e+002;-3.449297249e-001
8.113538818e+002;1.753330380e-001
8.115922241e+002;-4.398036376e-002
8.118305054e+002;1.124592870e-001
8.120687866e+002;2.122657895e-001
8.123071289e+002;-2.509735338e-002
8.125454102e+002;2.584718727e-002
8.127837524e+002;-3.737499416e-001
8.130220947e+002;-1.783636808e-001
8.132604370e+002;-1.211185679e-001
8.134987793e+002;-1.533644497e-001
8.137371826e+002;5.328025222e-001
8.139755249e+002;2.057845891e-001
8.142139282e+002;-3.643561900e-001
8.144522705e+002;-1.716702282e-001
8.146906738e+002;2.405698039e-002
8.149290771e+002;2.636948526e-001
8.151674805e+002;-1.477783453e-002
8.154058838e+002;1.150871441e-001
8.156443481e+002;-1.860119700e-001
8.158827515e+002;4.870944619e-001
8.161212158e+002;-1.215381250e-001
8.163596191e+002;-2.963074744e-001
8.165980835e+002;-8.054803312e-002
8.168365479e+002;5.460748076e-001
8.170750122e+002;3.934560716e-001
8.173134766e+002;-3.734617233e-001
8.175520020e+002;1.503750235e-001
8.177904663e+002;1.108628213e-001
8.180289917e+002;8.004330099e-002
8.182675171e+002;-1.681692302e-001
8.185059814e+002;6.481324136e-002
8.187445068e+002;-1.465844810e-001
8.189830322e+002;-3.880472481e-001
8.192216187e+002;-7.119866461e-002
8.194601440e+002;6.529267877e-002
8.196986694e+002;-9.833166003e-002
8.199372559e+002;1.397401839e-001
8.201758423e+002;5.808941126e-001
8.204144287e+002;2.889184952e-001
8.206530151e+002;-1.193734854e-001
8.208916016e+002;-1.094567124e-002
8.211301880e+002;4.766115844e-001
8.213687744e+002;-6.549066305e-002
8.216074219e+002;-1.292438656e-001
8.218460083e+002;4.593111202e-002
8.220846558e+002;-2.985102832e-001
8.223233032e+002;4.645472765e-001
8.225619507e+002;-3.545292318e-001
8.228005981e+002;-3.899626732e-001
8.230392456e+002;-5.009527504e-002
8.232778931e+002;-2.845356166e-001
8.235166016e+002;-2.112960070e-001
8.237552490e+002;4.651950300e-002
8.239939575e+002;-1.173902750e-001
8.242326660e+002;2.364439666e-001
8.244713745e+002;-1.944382340e-001
8.247100830e+002;3.340292454e+000
8.249487915e+002;4.516473711e-001
8.251875610e+002;2.720478689e-003
8.254262695e+002;2.013267130e-001
8.256650391e+002;5.034695864e-001
8.259037476e+002;2.615616657e-002
8.261425171e+002;-1.133855991e-002
8.263812866e+002;-8.648853749e-002
8.266200562e+002;7.126331925e-001
8.268588257e+002;1.989350766e-001
8.270976563e+002;1.472989321e-001
8.273364258e+002;-3.292906284e-001
8.275752563e+002;3.127447888e-002
8.278140259e+002;-2.325498015e-001
8.280528564e+002;5.714561939e-001
8.282916870e+002;-1.389432140e-002
8.285305176e+002;-1.045321524e-001
8.287693481e+002;-5.923257023e-002
8.290081787e+002;2.535580099e-001
8.292470703e+002;2.191639878e-002
8.294859009e+002;-3.300691247e-001
8.297247925e+002;-7.393673062e-002
8.299636841e+002;-7.630406022e-001
8.302025757e+002;2.479793131e-001
8.304414673e+002;2.771206200e-001
8.306803589e+002;1.160028502e-001
8.309192505e+002;6.298065782e-001
8.311582031e+002;-2.676877677e-001
8.313970947e+002;-4.759549499e-001
8.316360474e+002;6.085504964e-002
8.318749390e+002;-4.013598263e-001
8.321138916e+002;2.403686792e-001
8.323528442e+002;-2.388364077e-002
8.325917969e+002;-2.233680785e-001
8.328308105e+002;-6.529360265e-002
8.330697632e+002;1.294952035e-001
8.333087769e+002;5.804470778e-001
8.335477295e+002;-9.228206426e-002
8.337867432e+002;-4.559141695e-001
8.340257568e+002;7.733275648e-003
8.342647705e+002;2.890184820e-001
8.345037842e+002;2.843253911e-001
8.347427979e+002;6.569367647e-001
8.349818115e+002;-1.662440896e-001
8.352208862e+002;-7.812705636e-002
8.354598999e+002;4.955545440e-002
8.356989746e+002;1.528983563e-001
8.359380493e+002;-1.694844663e-001
8.361771240e+002;6.942498684e-002
8.364161987e+002;2.943654358e-001
8.366552734e+002;1.524114888e-002
8.368943481e+002;2.428695560e-001
8.371334839e+002;-1.283722222e-001
8.373725586e+002;5.285087228e-001
8.376116943e+002;1.766236424e-001
8.378508301e+002;3.280351460e-001
8.380899048e+002;3.756601214e-001
8.383290405e+002;3.960553110e-001
8.385682373e+002;1.149655282e-001
8.388073730e+002;2.074878067e-001
8.390465088e+002;-2.194005251e-001
8.392857056e+002;1.854136884e-001
8.395248413e+002;5.046874285e-002
8.397640381e+002;-2.322509736e-001
8.400032349e+002;3.132332265e-001
8.402424316e+002;1.182373092e-001
8.404816284e+002;1.208312064e-001
8.407208252e+002;2.551219426e-002
8.409600220e+002;-2.106892318e-001
8.411992798e+002;-2.535747886e-001
8.414384766e+002;2.809395641e-002
8.416777344e+002;9.849911928e-002
8.419169922e+002;-4.723509252e-001
8.421562500e+002;1.865791082e-001
8.423955078e+002;1.587675810e-001
8.426347656e+002;2.267097235e-001
8.428740234e+002;3.653841019e-001
8.431133423e+002;1.918316633e-001
8.433526001e+002;3.179342747e-001
8.435919189e+002;2.173028141e-001
8.438311768e+002;7.673824430e-001
8.440704956e+002;8.161679506e-001
8.443098145e+002;-1.638989002e-001
8.445491333e+002;-3.005102873e-001
8.447885132e+002;-1.514941454e-001
8.450278320e+002;5.682703257e-001
8.452671509e+002;9.949046373e-002
8.455065308e+002;-1.483259909e-002
8.457459106e+002;-1.090864912e-001
8.459852295e+002;-1.118547097e-001
8.462246094e+002;-1.999406889e-002
8.464639893e+002;6.898630857e-001
8.467033691e+002;7.612722516e-001
8.469428101e+002;-3.654621542e-001
8.471821899e+002;6.186610460e-002
8.474216309e+002;3.742205799e-001
8.476610107e+002;6.564269662e-001
8.479004517e+002;1.069486421e-002
8.481398926e+002;5.860678554e-001
8.483793335e+002;5.347073674e-001
8.486187744e+002;5.699345842e-002
8.488582153e+002;6.219587103e-002
8.490976563e+002;-2.418349534e-001
8.493371582e+002;2.401698977e-001
8.495765991e+002;-2.705081701e-001
8.498161011e+002;3.674638271e-001
8.500556030e+002;-1.134842932e-001
8.502950439e+002;-6.818739772e-001
8.505345459e+002;4.976717383e-002
8.507741089e+002;2.604106665e-001
8.510136108e+002;6.033538282e-002
8.512531128e+002;3.056387007e-001
8.514926758e+002;-3.871279582e-002
8.517321777e+002;-3.355966881e-002
8.519717407e+002;6.062597036e-001
8.522113037e+002;-1.125153527e-001
8.524508667e+002;-5.996983647e-001
8.526904297e+002;3.562797904e-001
8.529299927e+002;-6.389790773e-001
8.531695557e+002;-3.461696208e-001
8.534091187e+002;3.820947409e-001
8.536487427e+002;-1.283899602e-002
8.538883667e+002;5.928376317e-001
8.541279297e+002;3.783820570e-001
8.543675537e+002;-1.355570555e-001
8.546071777e+002;6.682405472e-001
8.548468018e+002;-2.028792650e-001
8.550864258e+002;4.134285748e-001
8.553261108e+002;1.186793819e-001
8.555657349e+002;4.903769195e-001
8.558054199e+002;-4.552728236e-001
8.560450439e+002;-2.209881991e-001
8.562847290e+002;3.902469873e-001
8.565244141e+002;4.863216281e-001
8.567640991e+002;-1.737709641e-001
8.570037842e+002;-5.591527820e-001
8.572434692e+002;8.659610525e-003
8.574831543e+002;-4.411415756e-001
8.577229004e+002;-2.249800563e-001
8.579625854e+002;3.777647316e-001
8.582023315e+002;-4.385535717e-001
8.584420776e+002;2.522378564e-001
8.586818237e+002;2.582771778e-001
8.589215698e+002;4.698806405e-001
8.591613159e+002;4.220796376e-002
8.594010620e+002;1.566195488e-001
8.596408081e+002;2.715639174e-001
8.598806152e+002;4.654408395e-001
8.601203613e+002;7.903420180e-002
8.603601685e+002;5.490997434e-001
8.605999756e+002;1.471352130e-001
8.608397827e+002;-1.154704094e-001
8.610795898e+002;-3.059827685e-001
8.613193970e+002;-4.036816061e-001
8.615592041e+002;2.048656531e-002
8.617990112e+002;-4.213795066e-001
8.620388794e+002;-1.377946585e-001
8.622787476e+002;-1.064839810e-001
8.625185547e+002;1.397032440e-001
8.627584229e+002;-2.059913576e-001
8.629982910e+002;6.327321753e-003
8.632381592e+002;1.763596088e-001
8.634780273e+002;-4.611926973e-001
8.637178955e+002;-4.653995037e-001
8.639578247e+002;-2.905811369e-002
8.641976929e+002;3.888342381e-001
8.644376221e+002;5.399621651e-002
8.646774902e+002;2.270845175e-001
8.649174194e+002;-3.821579516e-001
8.651573486e+002;-2.496230183e-003
8.653972778e+002;1.510117531e+000
8.656372070e+002;2.623846233e-001
8.658771362e+002;7.900201529e-002
8.661171265e+002;7.537513375e-001
8.663570557e+002;3.163219094e-001
8.665970459e+002;-2.826915979e-001
8.668370361e+002;-4.632763565e-001
8.670769653e+002;2.023421079e-001
8.673169556e+002;-6.563829780e-001
8.675569458e+002;4.470944703e-001
8.677969360e+002;2.905923724e-001
8.680369873e+002;-1.171581298e-001
8.682769775e+002;3.701386154e-001
8.685169678e+002;1.748990119e-001
8.687570190e+002;2.971815467e-001
8.689970703e+002;7.894704938e-001
8.692370605e+002;-5.047616363e-001
8.694771118e+002;6.515686512e-001
8.697171631e+002;-1.826317608e-001
8.699572754e+002;3.073470294e-001
8.701973267e+002;1.591526121e-001
8.704373779e+002;-5.357472226e-002
8.706774902e+002;-1.590478122e-001
8.709175415e+002;1.317046881e-001
8.711576538e+002;-1.309470385e-001
8.713977051e+002;2.836208940e-001
8.716378174e+002;-4.460991174e-002
8.718779297e+002;-1.093699485e-001
8.721180420e+002;-2.099295408e-001
8.723582153e+002;8.766293526e-001
8.725983276e+002;3.392258584e-001
8.728384399e+002;1.687305793e-002
8.730786133e+002;7.263990492e-002
8.733187866e+002;5.261923671e-001
8.735588989e+002;-3.029390574e-001
8.737990723e+002;9.131772518e-001
8.740392456e+002;6.017174572e-002
8.742794189e+002;3.494936526e-001
8.745195923e+002;-2.393939495e-001
8.747598267e+002;5.418044329e-001
8.750000000e+002;-7.974808663e-002
8.752402344e+002;7.715057135e-001
8.754804077e+002;2.892121971e-001
8.757206421e+002;1.135941505e+000
8.759608765e+002;-3.206101358e-001
8.762011108e+002;-5.681039691e-001
8.764413452e+002;2.990792990e-001
8.766815796e+002;1.738396883e-001
8.769218140e+002;-1.491129398e-001
8.771621094e+002;-5.816918015e-001
8.774023438e+002;-3.355899081e-002
8.776426392e+002;1.084106509e-002
8.778828735e+002;3.091481924e-001
8.781231689e+002;-2.328631282e-001
8.783634644e+002;2.413010001e-001
8.786037598e+002;6.265012920e-002
8.788440552e+002;3.669078350e-001
8.790843506e+002;5.823351145e-001
8.793247070e+002;3.523971885e-002
8.795650024e+002;4.722625017e-001
8.798053589e+002;5.269813538e-002
8.800456543e+002;-3.679701984e-001
8.802860107e+002;-3.197382689e-001
8.805263672e+002;-3.064182699e-001
8.807667236e+002;-2.159451991e-001
8.810070801e+002;-3.033815026e-001
8.812474365e+002;8.509224653e-001
8.814877930e+002;6.136015058e-001
8.817282104e+002;-4.498210549e-002
8.819685669e+002;-2.730876803e-001
8.822089844e+002;7.313666940e-001
8.824494019e+002;6.261393428e-001
8.826897583e+002;4.514674246e-001
8.829301758e+002;5.436747074e-001
8.831705933e+002;-1.371779144e-001
8.834110107e+002;4.003873765e-001
8.836514893e+002;-3.540748358e-001
8.838919067e+002;-5.427260399e-001
8.841323242e+002;4.487772882e-001
8.843728027e+002;5.418236256e-001
8.846132813e+002;-3.379839063e-001
8.848536987e+002;6.604834199e-001
8.850941772e+002;-3.740588427e-001
8.853346558e+002;4.862769246e-001
8.855751343e+002;2.651445270e-001
8.858156738e+002;1.973123848e-001
8.860561523e+002;-6.570361555e-003
8.862966309e+002;-3.470316231e-001
8.865371704e+002;4.417648315e-001
8.867776489e+002;1.214326262e+000
8.870181885e+002;-2.005446702e-001
8.872587280e+002;-2.759021819e-001
8.874992676e+002;5.290403366e-001
8.877398071e+002;2.990835607e-001
8.879803467e+002;1.086655930e-001
8.882208862e+002;-4.106312990e-001
8.884614258e+002;-3.170831800e-001
8.887020264e+002;1.525735706e-001
8.889425659e+002;-2.750360668e-001
8.891831665e+002;2.584761679e-001
8.894237671e+002;-2.501694262e-001
8.896643677e+002;4.788699374e-002
8.899049072e+002;8.072318882e-002
8.901455688e+002;1.209638789e-001
8.903861694e+002;-1.781969815e-001
8.906267700e+002;4.980194569e-001
8.908673706e+002;4.274261184e-003
8.911080322e+002;7.454109192e-001
8.913486328e+002;9.588693380e-001
8.915892944e+002;3.531693518e-001
8.918299561e+002;4.717203081e-001
8.920706177e+002;9.444915652e-001
8.923112793e+002;-6.491400599e-001
8.925519409e+002;4.144862592e-001
8.927926025e+002;1.191045791e-001
8.930332642e+002;-5.633777380e-001
8.932739258e+002;4.150608554e-002
8.935146484e+002;-3.567563891e-001
8.937553711e+002;-1.260679066e-001
8.939960327e+002;1.125844419e-001
8.942367554e+002;-2.552764118e-002
8.944774780e+002;-3.209085763e-001
8.947182007e+002;6.970056295e-001
8.949589233e+002;2.143242359e-001
8.951996460e+002;1.809097528e-001
8.954404297e+002;3.689639866e-001
8.956811523e+002;-3.562475443e-001
8.959218750e+002;-3.603155315e-001
8.961626587e+002;7.191267014e-001
8.964034424e+002;-5.564893484e-001
8.966442261e+002;7.502962351e-001
8.968849487e+002;3.968147337e-001
8.971257324e+002;-3.466956615e-001
8.973665771e+002;-8.260508627e-002
8.976073608e+002;-1.699764729e-001
8.978481445e+002;-1.662048399e-001
8.980889282e+002;7.567858696e-001
8.983297729e+002;-5.246450901e-001
8.985706177e+002;-1.290622801e-001
8.988114014e+002;-7.210909724e-001
8.990522461e+002;-6.049459428e-002
8.992930908e+002;5.257007480e-001
8.995339355e+002;5.761648417e-001
8.997747803e+002;-3.029367626e-001
9.000156250e+002;3.432451189e-001
9.002565308e+002;0.000000000e+000
9.004973755e+002;-0.000000000e+000
9.007382813e+002;-0.000000000e+000
9.009791260e+002;-0.000000000e+000
9.012200317e+002;0.000000000e+000
9.014609375e+002;0.000000000e+000
9.017018433e+002;-0.000000000e+000
9.019427490e+002;-0.000000000e+000
9.021836548e+002;0.000000000e+000
9.024245605e+002;-0.000000000e+000
9.026654663e+002;-0.000000000e+000
9.029064331e+002;0.000000000e+000
9.031473389e+002;0.000000000e+000
9.033883057e+002;0.000000000e+000
9.036292725e+002;0.000000000e+000
9.038701782e+002;0.000000000e+000
9.041111450e+002;0.000000000e+000
9.043521118e+002;-0.000000000e+000
9.045930786e+002;0.000000000e+000
9.048341064e+002;-0.000000000e+000
9.050750732e+002;-0.000000000e+000
9.053160400e+002;0.000000000e+000
9.055570679e+002;-0.000000000e+000
9.057980347e+002;0.000000000e+000
9.060390625e+002;0.000000000e+000
9.062800903e+002;0.000000000e+000
9.065211182e+002;0.000000000e+000
9.067621460e+002;0.000000000e+000
9.070031738e+002;0.000000000e+000
9.072442017e+002;0.000000000e+000
9.074852295e+002;-0.000000000e+000
9.077263184e+002;0.000000000e+000
9.079673462e+002;-0.000000000e+000
9.082084351e+002;0.000000000e+000
9.084494629e+002;0.000000000e+000
9.086905518e+002;0.000000000e+000
9.089316406e+002;-0.000000000e+000
9.091727295e+002;-0.000000000e+000
9.094138184e+002;-0.000000000e+000
9.096549072e+002;0.000000000e+000
9.098959961e+002;0.000000000e+000
9.101371460e+002;-0.000000000e+000
9.103782349e+002;0.000000000e+000
9.106193848e+002;0.000000000e+000
9.108604736e+002;0.000000000e+000
9.111016235e+002;-0.000000000e+000
9.113427734e+002;-0.000000000e+000
9.115839233e+002;0.000000000e+000
9.118250732e+002;-0.000000000e+000
9.120662231e+002;0.000000000e+000
9.123073730e+002;-0.000000000e+000
9.125485840e+002;0.000000000e+000
9.127897339e+002;-0.000000000e+000
9.130308838e+002;0.000000000e+000
9.132720947e+002;0.000000000e+000
9.135133057e+002;-0.000000000e+000
9.137545166e+002;0.000000000e+000
9.139956665e+002;0.000000000e+000
9.142368774e+002;-0.000000000e+000
9.144781494e+002;-0.000000000e+000
9.147193604e+002;-0.000000000e+000
9.149605713e+002;-0.000000000e+000
9.152017822e+002;0.000000000e+000
9.154430542e+002;-0.000000000e+000
9.156842651e+002;0.000000000e+000
9.159255371e+002;0.000000000e+000
9.161668091e+002;-0.000000000e+000
9.164080811e+002;-0.000000000e+000
9.166493530e+002;0.000000000e+000
9.168906250e+002;0.000000000e+000
9.171318970e+002;-0.000000000e+000
9.173731689e+002;-0.000000000e+000
9.176144409e+002;0.000000000e+000
9.178557739e+002;0.000000000e+000
9.180970459e+002;-0.000000000e+000
9.183383789e+002;0.000000000e+000
9.185797119e+002;0.000000000e+000
9.188209839e+002;0.000000000e+000
9.190623169e+002;-0.000000000e+000
9.193036499e+002;0.000000000e+000
9.195449829e+002;-0.000000000e+000
9.197863159e+002;0.000000000e+000
9.200277100e+002;0.000000000e+000
9.202690430e+002;-0.000000000e+000
9.205103760e+002;0.000000000e+000
9.207517700e+002;-0.000000000e+000
9.209931641e+002;0.000000000e+000
9.212344971e+002;0.000000000e+000
9.214758911e+002;0.000000000e+000
9.217172852e+002;0.000000000e+000
9.219586792e+002;-0.000000000e+000
9.222000732e+002;-0.000000000e+000
9.224414673e+002;0.000000000e+000
9.226829224e+002;0.000000000e+000
9.229243164e+002;-0.000000000e+000
9.231657715e+002;-0.000000000e+000
9.234071655e+002;0.000000000e+000
9.236486206e+002;0.000000000e+000
9.238900757e+002;-0.000000000e+000
9.241314697e+002;0.000000000e+000
9.243729248e+002;-0.000000000e+000
9.246143799e+002;0.000000000e+000
9.248558960e+002;0.000000000e+000
9.250973511e+002;0.000000000e+000
9.253388062e+002;-0.000000000e+000
9.255802612e+002;0.000000000e+000
9.258217773e+002;-0.000000000e+000
9.260632935e+002;-0.000000000e+000
9.263047485e+002;-0.000000000e+000
9.265462646e+002;-0.000000000e+000
9.267877808e+002;0.000000000e+000
9.270292969e+002;0.000000000e+000
9.272708130e+002;0.000000000e+000
9.275123291e+002;-0.000000000e+000
9.277538452e+002;-0.000000000e+000
9.279953613e+002;0.000000000e+000
9.282369385e+002;0.000000000e+000
9.284784546e+002;-0.000000000e+000
9.287200317e+002;-0.000000000e+000
9.289616089e+002;0.000000000e+000
9.292031250e+002;-0.000000000e+000
9.294447021e+002;0.000000000e+000
9.296862793e+002;0.000000000e+000
9.299278564e+002;-0.000000000e+000
9.301694336e+002;-0.000000000e+000
9.304110718e+002;0.000000000e+000
9.306526489e+002;0.000000000e+000
9.308942261e+002;-0.000000000e+000
9.311358643e+002;-0.000000000e+000
9.313774414e+002;0.000000000e+000
9.316190796e+002;0.000000000e+000
9.318607178e+002;0.000000000e+000
9.321023560e+002;0.000000000e+000
9.323439941e+002;-0.000000000e+000
9.325856323e+002;-0.000000000e+000
9.328272705e+002;0.000000000e+000
9.330689087e+002;0.000000000e+000
9.333105469e+002;-0.000000000e+000
9.335522461e+002;-0.000000000e+000
9.337938843e+002;0.000000000e+000
9.340355835e+002;-0.000000000e+000
9.342772827e+002;-0.000000000e+000
9.345189209e+002;-0.000000000e+000
9.347606201e+002;-0.000000000e+000
9.350023193e+002;0.000000000e+000
9.352440186e+002;-0.000000000e+000
9.354857178e+002;0.000000000e+000
9.357274170e+002;0.000000000e+000
9.359691772e+002;0.000000000e+000
9.362108765e+002;0.000000000e+000
9.364526367e+002;0.000000000e+000
9.366943359e+002;0.000000000e+000
9.369360962e+002;-0.000000000e+000
9.371777954e+002;0.000000000e+000
9.374195557e+002;-0.000000000e+000
9.376613159e+002;0.000000000e+000
9.379030762e+002;0.000000000e+000
9.381448364e+002;0.000000000e+000
9.383865967e+002;-0.000000000e+000
9.386284180e+002;-0.000000000e+000
9.388701782e+002;-0.000000000e+000
9.391119995e+002;0.000000000e+000
9.393537598e+002;-0.000000000e+000
9.395955811e+002;0.000000000e+000
9.398373413e+002;-0.000000000e+000
9.400791626e+002;0.000000000e+000
9.403209839e+002;0.000000000e+000
9.405628052e+002;-0.000000000e+000
9.408046265e+002;0.000000000e+000
9.410464478e+002;-0.000000000e+000
9.412882690e+002;-0.000000000e+000
9.415301514e+002;0.000000000e+000
9.417719727e+002;-0.000000000e+000
9.420138550e+002;-0.000000000e+000
9.422556763e+002;0.000000000e+000
9.424975586e+002;0.000000000e+000
9.427394409e+002;-0.000000000e+000
9.429812622e+002;0.000000000e+000
9.432231445e+002;0.000000000e+000
9.434650269e+002;-0.000000000e+000
9.437069092e+002;-0.000000000e+000
9.439488525e+002;0.000000000e+000
9.441907349e+002;0.000000000e+000
9.444326172e+002;0.000000000e+000
9.446745605e+002;0.000000000e+000
9.449164429e+002;0.000000000e+000
9.451583862e+002;-0.000000000e+000
9.454003296e+002;0.000000000e+000
9.456422119e+002;-0.000000000e+000
9.458841553e+002;0.000000000e+000
9.461260986e+002;-0.000000000e+000
9.463680420e+002;-0.000000000e+000
9.466099854e+002;0.000000000e+000
9.468519897e+002;-0.000000000e+000
9.470939331e+002;-0.000000000e+000
9.473358765e+002;0.000000000e+000
9.475778809e+002;0.000000000e+000
9.478198242e+002;-0.000000000e+000
9.480618286e+002;0.000000000e+000
9.483038330e+002;0.000000000e+000
9.485457764e+002;0.000000000e+000
9.487877808e+002;-0.000000000e+000
9.490297852e+002;-0.000000000e+000
9.492717896e+002;0.000000000e+000
9.495138550e+002;0.000000000e+000
9.497558594e+002;0.000000000e+000
9.499978638e+002;0.000000000e+000
9.502398682e+002;0.000000000e+000
9.504819336e+002;-0.000000000e+000
9.507239990e+002;-0.000000000e+000
9.509660034e+002;0.000000000e+000
9.512080688e+002;0.000000000e+000
9.514501343e+002;-0.000000000e+000
9.516921997e+002;-0.000000000e+000
9.519342651e+002;0.000000000e+000
9.521763306e+002;0.000000000e+000
9.524183960e+002;0.000000000e+000
9.526604614e+002;-0.000000000e+000
9.529025269e+002;0.000000000e+000
9.531446533e+002;0.000000000e+000
9.533867188e+002;-0.000000000e+000
9.536288452e+002;0.000000000e+000
9.538709717e+002;0.000000000e+000
9.541130371e+002;0.000000000e+000
9.543551636e+002;0.000000000e+000
9.545972900e+002;0.000000000e+000
9.548394165e+002;0.000000000e+000
9.550815430e+002;-0.000000000e+000
9.553236694e+002;-0.000000000e+000
9.555658569e+002;-0.000000000e+000
9.558079834e+002;0.000000000e+000
9.560501099e+002;0.000000000e+000
9.562922974e+002;0.000000000e+000
9.565344238e+002;0.000000000e+000
9.567766113e+002;-0.000000000e+000
9.570187988e+002;0.000000000e+000
9.572609863e+002;0.000000000e+000
9.575031128e+002;-0.000000000e+000
9.577453003e+002;-0.000000000e+000
9.579874878e+002;0.000000000e+000
9.582297363e+002;-0.000000000e+000
9.584719238e+002;-0.000000000e+000
9.587141113e+002;0.000000000e+000
9.589563599e+002;0.000000000e+000
9.591985474e+002;0.000000000e+000
9.594407959e+002;0.000000000e+000
9.596829834e+002;-0.000000000e+000
9.599252319e+002;-0.000000000e+000
9.601674805e+002;0.000000000e+000
9.604097290e+002;-0.000000000e+000
9.606519775e+002;-0.000000000e+000
9.608942261e+002;-0.000000000e+000
9.611364746e+002;0.000000000e+000
9.613787231e+002;-0.000000000e+000
9.616209717e+002;-0.000000000e+000
9.618632813e+002;-0.000000000e+000
9.621055298e+002;0.000000000e+000
9.623478394e+002;0.000000000e+000
9.625900879e+002;0.000000000e+000
9.628323975e+002;0.000000000e+000
9.630747070e+002;-0.000000000e+000
9.633170166e+002;-0.000000000e+000
9.635592651e+002;-0.000000000e+000
9.638015747e+002;-0.000000000e+000
9.640439453e+002;0.000000000e+000
9.642862549e+002;0.000000000e+000
9.645285645e+002;0.000000000e+000
9.647708740e+002;-0.000000000e+000
9.650132446e+002;-0.000000000e+000
9.652555542e+002;0.000000000e+000
9.654979248e+002;0.000000000e+000
9.657402344e+002;-0.000000000e+000
9.659826050e+002;-0.000000000e+000
9.662249756e+002;0.000000000e+000
9.664673462e+002;0.000000000e+000
9.667097168e+002;0.000000000e+000
9.669520874e+002;0.000000000e+000
9.671944580e+002;0.000000000e+000
9.674368286e+002;-0.000000000e+000
9.676792603e+002;-0.000000000e+000
9.679216309e+002;0.000000000e+000
9.681640015e+002;-0.000000000e+000
9.684064331e+002;-0.000000000e+000
9.686488037e+002;0.000000000e+000
9.688912354e+002;0.000000000e+000
9.691336670e+002;0.000000000e+000
9.693760986e+002;0.000000000e+000
9.696185303e+002;0.000000000e+000
9.698609619e+002;0.000000000e+000
9.701033936e+002;-0.000000000e+000
9.703458252e+002;0.000000000e+000
9.705882568e+002;0.000000000e+000
9.708306885e+002;0.000000000e+000
9.710731812e+002;-0.000000000e+000
9.713156128e+002;0.000000000e+000
9.715581055e+002;0.000000000e+000
9.718005371e+002;0.000000000e+000
9.720430298e+002;-0.000000000e+000
9.722855225e+002;0.000000000e+000
9.725280151e+002;0.000000000e+000
9.727705078e+002;-0.000000000e+000
9.730130005e+002;0.000000000e+000
9.732554932e+002;-0.000000000e+000
9.734979858e+002;0.000000000e+000
9.737404785e+002;-0.000000000e+000
9.739829712e+002;-0.000000000e+000
9.742255249e+002;0.000000000e+000
9.744680176e+002;0.000000000e+000
9.747105713e+002;0.000000000e+000
9.749530640e+002;-0.000000000e+000
9.751956177e+002;0.000000000e+000
9.754381714e+002;0.000000000e+000
9.756807251e+002;0.000000000e+000
9.759232788e+002;-0.000000000e+000
9.761658325e+002;-0.000000000e+000
9.764083862e+002;-0.000000000e+000
9.766509399e+002;-0.000000000e+000
9.768934937e+002;0.000000000e+000
9.771361084e+002;-0.000000000e+000
9.773786621e+002;-0.000000000e+000
9.776212158e+002;0.000000000e+000
9.778638306e+002;0.000000000e+000
9.781064453e+002;-0.000000000e+000
9.783489990e+002;0.000000000e+000
9.785916138e+002;0.000000000e+000
9.788342285e+002;-0.000000000e+000
9.790768433e+002;-0.000000000e+000
9.793194580e+002;0.000000000e+000
9.795620728e+002;0.000000000e+000
9.798046875e+002;0.000000000e+000
9.800473022e+002;-0.000000000e+000
9.802899170e+002;-0.000000000e+000
9.805325928e+002;0.000000000e+000
9.807752075e+002;-0.000000000e+000
9.810178833e+002;0.000000000e+000
9.812604980e+002;0.000000000e+000
9.815031738e+002;-0.000000000e+000
9.817458496e+002;0.000000000e+000
9.819885254e+002;0.000000000e+000
9.822311401e+002;0.000000000e+000
9.824738159e+002;-0.000000000e+000
9.827164917e+002;0.000000000e+000
9.829592285e+002;0.000000000e+000
9.832019043e+002;-0.000000000e+000
9.834445801e+002;0.000000000e+000
9.836872559e+002;0.000000000e+000
9.839299927e+002;0.000000000e+000
9.841726685e+002;0.000000000e+000
9.844154053e+002;-0.000000000e+000
9.846580811e+002;-0.000000000e+000
9.849008179e+002;-0.000000000e+000
9.851435547e+002;-0.000000000e+000
9.853862915e+002;0.000000000e+000
9.856290283e+002;-0.000000000e+000
9.858717651e+002;0.000000000e+000
9.861145020e+002;0.000000000e+000
9.863572388e+002;0.000000000e+000
9.865999756e+002;0.000000000e+000
9.868427124e+002;-0.000000000e+000
9.870855103e+002;0.000000000e+000
9.873282471e+002;-0.000000000e+000
9.875710449e+002;0.000000000e+000
9.878137817e+002;-0.000000000e+000
9.880565796e+002;0.000000000e+000
9.882993774e+002;-0.000000000e+000
9.885421753e+002;-0.000000000e+000
9.887849121e+002;0.000000000e+000
9.890277100e+002;-0.000000000e+000
9.892705078e+002;-0.000000000e+000
9.895133057e+002;0.000000000e+000
9.897561646e+002;-0.000000000e+000
9.899989624e+002;0.000000000e+000
9.902417603e+002;-0.000000000e+000
9.904846191e+002;0.000000000e+000
9.907274170e+002;-0.000000000e+000
9.909702759e+002;0.000000000e+000
9.912130737e+002;-0.000000000e+000
9.914559326e+002;0.000000000e+000
9.916987915e+002;-0.000000000e+000
9.919415894e+002;-0.000000000e+000
9.921844482e+002;-0.000000000e+000
9.924273071e+002;0.000000000e+000
9.926701660e+002;0.000000000e+000
9.929130249e+002;-0.000000000e+000
9.931558838e+002;-0.000000000e+000
9.933988037e+002;-0.000000000e+000
9.936416626e+002;0.000000000e+000
9.938845215e+002;-0.000000000e+000
9.941274414e+002;0.000000000e+000
9.943703003e+002;-0.000000000e+000
9.946132202e+002;-0.000000000e+000
9.948561401e+002;0.000000000e+000
9.950989990e+002;0.000000000e+000
9.953419189e+002;0.000000000e+000
9.955848389e+002;0.000000000e+000
9.958277588e+002;-0.000000000e+000
9.960706787e+002;0.000000000e+000
9.963135986e+002;-0.000000000e+000
9.965565186e+002;0.000000000e+000
9.967994385e+002;0.000000000e+000
9.970424194e+002;0.000000000e+000
9.972853394e+002;0.000000000e+000
9.975283203e+002;0.000000000e+000
9.977712402e+002;0.000000000e+000
9.980142212e+002;0.000000000e+000
9.982571411e+002;0.000000000e+000
9.985001221e+002;-0.000000000e+000
9.987431030e+002;0.000000000e+000
9.989860840e+002;0.000000000e+000
9.992290649e+002;-0.000000000e+000
9.994719849e+002;0.000000000e+000
9.997150269e+002;0.000000000e+000
9.999580078e+002;0.000000000e+000
1.000200989e+003;-0.000000000e+000
1.000443970e+003;0.000000000e+000
1.000686951e+003;0.000000000e+000
1.000929993e+003;0.000000000e+000
1.001172974e+003;-0.000000000e+000
1.001416016e+003;0.000000000e+000
1.001658997e+003;0.000000000e+000
1.001902039e+003;0.000000000e+000
1.002145081e+003;-0.000000000e+000
1.002388123e+003;0.000000000e+000
1.002631165e+003;-0.000000000e+000
1.002874207e+003;-0.000000000e+000
1.003117249e+003;0.000000000e+000
1.003360291e+003;0.000000000e+000
1.003603333e+003;0.000000000e+000
1.003846375e+003;-0.000000000e+000
1.004089417e+003;-0.000000000e+000
1.004332520e+003;0.000000000e+000
1.004575562e+003;0.000000000e+000
1.004818665e+003;-0.000000000e+000
1.005061707e+003;-0.000000000e+000
1.005304810e+003;-0.000000000e+000
1.005547852e+003;0.000000000e+000
1.005790955e+003;-0.000000000e+000
1.006034058e+003;0.000000000e+000
1.006277161e+003;-0.000000000e+000
1.006520264e+003;0.000000000e+000
1.006763367e+003;0.000000000e+000
1.007006470e+003;0.000000000e+000
1.007249573e+003;-0.000000000e+000
1.007492676e+003;-0.000000000e+000
1.007735840e+003;-0.000000000e+000
1.007978943e+003;0.000000000e+000
1.008222107e+003;0.000000000e+000
1.008465210e+003;-0.000000000e+000
1.008708374e+003;0.000000000e+000
1.008951477e+003;-0.000000000e+000
1.009194641e+003;-0.000000000e+000
1.009437805e+003;0.000000000e+000
1.009680969e+003;-0.000000000e+000
1.009924072e+003;0.000000000e+000
1.010167236e+003;-0.000000000e+000
1.010410400e+003;0.000000000e+000
1.010653564e+003;-0.000000000e+000
1.010896790e+003;0.000000000e+000
1.011139954e+003;0.000000000e+000
1.011383118e+003;0.000000000e+000
1.011626343e+003;-0.000000000e+000
1.011869507e+003;-0.000000000e+000
1.012112671e+003;0.000000000e+000
1.012355896e+003;0.000000000e+000
1.012599121e+003;0.000000000e+000
1.012842285e+003;0.000000000e+000
1.013085510e+003;-0.000000000e+000
1.013328735e+003;0.000000000e+000
1.013571960e+003;-0.000000000e+000
1.013815186e+003;-0.000000000e+000
1.014058411e+003;-0.000000000e+000
1.014301636e+003;0.000000000e+000
1.014544861e+003;-0.000000000e+000
1.014788086e+003;-0.000000000e+000
1.015031311e+003;0.000000000e+000
1.015274597e+003;-0.000000000e+000
1.015517822e+003;0.000000000e+000
1.015761047e+003;0.000000000e+000
1.016004333e+003;0.000000000e+000
1.016247620e+003;0.000000000e+000
1.016490845e+003;0.000000000e+000
1.016734131e+003;0.000000000e+000
1.016977417e+003;-0.000000000e+000
1.017220642e+003;0.000000000e+000
1.017463928e+003;-0.000000000e+000
1.017707214e+003;0.000000000e+000
1.017950500e+003;-0.000000000e+000
1.018193787e+003;0.000000000e+000
1.018437134e+003;0.000000000e+000
1.018680420e+003;-0.000000000e+000
1.018923706e+003;0.000000000e+000
1.019166992e+003;0.000000000e+000
1.019410339e+003;0.000000000e+000
1.019653625e+003;0.000000000e+000
1.019896973e+003;-0.000000000e+000
1.020140259e+003;0.000000000e+000
1.020383606e+003;-0.000000000e+000
1.020626953e+003;-0.000000000e+000
1.020870300e+003;-0.000000000e+000
1.021113586e+003;0.000000000e+000
1.021356934e+003;0.000000000e+000
1.021600281e+003;-0.000000000e+000
1.021843628e+003;0.000000000e+000
1.022086975e+003;0.000000000e+000
1.022330383e+003;-0.000000000e+000
1.022573730e+003;-0.000000000e+000
1.022817078e+003;0.000000000e+000
1.023060425e+003;0.000000000e+000
1.023303833e+003;0.000000000e+000
1.023547180e+003;0.000000000e+000
1.023790588e+003;-0.000000000e+000
1.024033936e+003;-0.000000000e+000
1.024277344e+003;-0.000000000e+000
1.024520752e+003;-0.000000000e+000
1.024764160e+003;-0.000000000e+000
1.025007568e+003;-0.000000000e+000
1.025250977e+003;-0.000000000e+000
1.025494385e+003;-0.000000000e+000
1.025737793e+003;-0.000000000e+000
1.025981201e+003;-0.000000000e+000
[EndOfFile]
