#Thorlabs FTS
[SpectrumHeader]
#Date;20181218
#Time;19563278
#GMTTime;19563278
#XAxisUnit;nm_air
#YAxisUnit;cal_intensity
#Average;1
#RollingAverage;0
#SpectrumSmooth;0
#SSmoothParam1;0
#SSmoothParam2;0
#SSmoothParam3;0
#SSmoothParam4;0
#IntegrationTime;500.000000
#TriggerMode;0
#InterferometerSerial;M00461244
#Source;
#AirMeasureOpt;0
#WnrMin;9746.767578
#WnrMax;49972.015625
#Length;3648
#Resolution;0.0000000000e+000
#ADC;0
#Instrument;0
#InstrModel;CCS200
#Type;emission
#AirTemp;0.00
#AirPressure;0.00
#AirRelHum;0.00
#Name;
#Comment;""
[Data]
2.001119995e+002;-1.338039991e-003
2.003113098e+002;2.723146696e-003
2.005106506e+002;2.756765753e-004
2.007100067e+002;9.339384735e-003
2.009093781e+002;5.358883645e-003
2.011087646e+002;-3.812405514e-003
2.013081818e+002;2.534879837e-003
2.015076294e+002;-3.698100627e-004
2.017070770e+002;2.023869660e-003
2.019065552e+002;4.444444552e-003
2.021060486e+002;7.349134423e-003
2.023055725e+002;1.680954738e-004
2.025051117e+002;5.197511986e-003
2.027046661e+002;7.328962674e-004
2.029042511e+002;-8.539250121e-004
2.031038513e+002;3.287947504e-003
2.033034668e+002;1.055639586e-003
2.035031128e+002;-4.108253401e-003
2.037027740e+002;3.072785446e-003
2.039024506e+002;-1.472516335e-003
2.041021576e+002;4.256177694e-003
2.043018799e+002;-6.656580954e-004
2.045016174e+002;-1.875945483e-003
2.047013702e+002;-1.364935306e-003
2.049011536e+002;-1.095982501e-003
2.051009674e+002;-5.560598336e-003
2.053007813e+002;-3.698100627e-004
2.055006256e+002;2.487813181e-004
2.057005005e+002;7.241553161e-003
2.059003754e+002;4.498234950e-003
2.061002808e+002;2.400403377e-003
2.063002167e+002;7.328962674e-004
2.065001526e+002;2.561775036e-003
2.067001190e+002;2.803832525e-003
2.069001160e+002;7.429820020e-003
2.071001129e+002;-5.426121876e-003
2.073001404e+002;7.053286303e-003
2.075001984e+002;-1.364935306e-003
2.077002563e+002;6.246428005e-003
2.079003448e+002;-1.364935306e-003
2.081004486e+002;3.449319163e-003
2.083005829e+002;3.798957914e-003
2.085007324e+002;2.911413787e-003
2.087008972e+002;-1.768364455e-003
2.089010925e+002;3.287947504e-003
2.091013031e+002;4.041015171e-003
2.093015289e+002;-1.714573824e-003
2.095017853e+002;2.185241319e-003
2.097020569e+002;3.234157106e-003
2.099023438e+002;8.747688495e-003
2.101026611e+002;-4.457891919e-003
2.103029785e+002;-4.673054442e-003
2.105033417e+002;-3.651033854e-003
2.107037048e+002;4.982349928e-003
2.109040985e+002;2.588670468e-003
2.111045074e+002;-1.230458845e-003
2.113049469e+002;9.823500179e-003
2.115054016e+002;4.578921013e-003
2.117058716e+002;-1.391830505e-003
2.119063568e+002;4.229282029e-003
2.121068726e+002;-2.897965955e-003
2.123074036e+002;-2.279374748e-003
2.125079651e+002;8.102201857e-003
2.127085419e+002;-5.103378557e-003
2.129091339e+002;2.454194007e-003
2.131097412e+002;1.405278221e-003
2.133103790e+002;-3.967053199e-004
2.135110321e+002;-3.220709274e-003
2.137117157e+002;2.077660058e-003
2.139123993e+002;-3.624138422e-003
2.141131134e+002;-2.951756585e-003
2.143138580e+002;3.449319163e-003
2.145146027e+002;4.908387782e-004
2.147153778e+002;9.211632423e-004
2.149161835e+002;6.649856921e-003
2.151169891e+002;-4.888216499e-003
2.153178253e+002;2.481089206e-003
2.155186920e+002;-9.346108418e-004
2.157195587e+002;2.965204185e-003
2.159204559e+002;7.080181502e-003
2.161213837e+002;2.454194007e-003
2.163223114e+002;-2.084383887e-004
2.165232697e+002;-8.277021348e-003
2.167242432e+002;1.970079029e-003
2.169252472e+002;3.341738135e-003
2.171262665e+002;3.126575844e-003
2.173273010e+002;-8.808203274e-004
2.175283508e+002;-1.095982501e-003
2.177294312e+002;6.354009267e-003
2.179305267e+002;3.456715494e-002
2.181316528e+002;1.606320404e-002
2.183327789e+002;-1.445621136e-003
2.185339355e+002;-3.166918876e-003
2.187351227e+002;-5.560598336e-003
2.189363098e+002;-4.236006062e-004
2.191375275e+002;3.422423964e-003
2.193387756e+002;3.852748312e-003
2.195400238e+002;-4.215834662e-003
2.197413025e+002;2.615565667e-003
2.199425964e+002;2.239031717e-003
2.201439209e+002;-4.726844840e-003
2.203452606e+002;-2.978651784e-003
2.205466156e+002;-1.822154969e-003
2.207479858e+002;-4.995797761e-003
2.209493866e+002;8.667002432e-003
2.211508026e+002;-1.042191987e-003
2.213522491e+002;-2.084383887e-004
2.215536957e+002;-2.118003089e-003
2.217551880e+002;-2.763489727e-003
2.219566803e+002;-2.118003089e-003
2.221582031e+002;-1.445621136e-003
2.223597260e+002;-3.597243223e-003
2.225612946e+002;2.857623156e-003
2.227628632e+002;7.564296480e-003
2.229644623e+002;9.312489070e-003
2.231660767e+002;2.830727957e-003
2.233677216e+002;-4.296520259e-003
2.235693817e+002;6.723819297e-006
2.237710571e+002;-1.176668331e-003
2.239727478e+002;5.896789487e-003
2.241744690e+002;4.067910369e-003
2.243762054e+002;5.446293508e-004
2.245779572e+002;6.891914643e-003
2.247797394e+002;-5.560598336e-003
2.249815369e+002;7.060010103e-004
2.251833496e+002;-2.897965955e-003
2.253851929e+002;1.055639586e-003
2.255870514e+002;-1.815431169e-004
2.257889252e+002;3.987224773e-003
2.259908142e+002;2.938308986e-003
2.261927338e+002;-2.891242329e-004
2.263946686e+002;-1.741469139e-003
2.265966187e+002;-8.539250121e-004
2.267985992e+002;4.605816212e-003
2.270005951e+002;-5.849722656e-004
2.272026062e+002;3.294671478e-004
2.274046478e+002;8.747688495e-003
2.276067047e+002;3.341738135e-003
2.278087769e+002;6.596066523e-003
2.280108643e+002;6.253151805e-004
2.282129822e+002;4.094806034e-003
2.284151154e+002;-2.629013266e-003
2.286172791e+002;1.412002021e-004
2.288194427e+002;-3.113128245e-003
2.290216370e+002;2.696251497e-003
2.292238617e+002;-2.622289467e-004
2.294260864e+002;-5.580770085e-004
2.296283417e+002;-2.144898288e-003
2.298306122e+002;-1.687678625e-003
2.300329132e+002;-2.010421827e-003
2.302352142e+002;1.324592391e-003
2.304375610e+002;3.261052305e-003
2.306399078e+002;1.046898682e-002
2.308422852e+002;1.862497884e-003
2.310446625e+002;1.620440395e-003
2.312470856e+002;-6.656580954e-004
2.314495087e+002;3.449319163e-003
2.316519623e+002;5.600941367e-003
2.318544312e+002;-3.160194901e-004
2.320569305e+002;8.135820972e-004
2.322594299e+002;1.055639586e-003
2.324619598e+002;6.791057531e-004
2.326645203e+002;8.740965131e-005
2.328670807e+002;-3.140023444e-003
2.330696716e+002;2.487813181e-004
2.332722778e+002;6.542276125e-003
2.334749146e+002;6.051437231e-005
2.336775665e+002;-5.695074797e-003
2.338802338e+002;2.373508178e-003
2.340829163e+002;1.378382905e-003
2.342856293e+002;-3.946881741e-003
2.344883575e+002;5.009245127e-003
2.346911011e+002;-3.247604705e-003
2.348938599e+002;2.077660058e-003
2.350966492e+002;8.532526903e-003
2.352994537e+002;5.063035991e-003
2.355022736e+002;2.487813181e-004
2.357051239e+002;3.987224773e-003
2.359079895e+002;4.686501808e-003
2.361108704e+002;3.341738135e-003
2.363137817e+002;3.287947504e-003
2.365167084e+002;4.336863291e-003
2.367196503e+002;2.292822348e-003
2.369226074e+002;2.776937326e-003
2.371255951e+002;1.485964051e-003
2.373285980e+002;-1.418725820e-003
2.375316162e+002;4.101529776e-004
2.377346649e+002;2.319717547e-003
2.379377136e+002;-2.682803897e-003
2.381408081e+002;3.610690823e-003
2.383439026e+002;1.512859249e-003
2.385470276e+002;4.175491631e-003
2.387501678e+002;2.131450688e-003
2.389533234e+002;1.916288398e-003
2.391564941e+002;3.180366475e-003
2.393596954e+002;3.361909694e-005
2.395629120e+002;7.483610883e-003
2.397661591e+002;5.923684686e-003
2.399694061e+002;3.341738135e-003
2.401726837e+002;3.879643744e-003
2.403759766e+002;1.055639586e-003
2.405792999e+002;2.050764859e-003
2.407826385e+002;1.351487590e-003
2.409859924e+002;1.593545079e-003
2.411893616e+002;-3.301395103e-003
2.413927612e+002;3.563624050e-004
2.415961761e+002;7.866868400e-004
2.417996063e+002;5.446293508e-004
2.420030518e+002;1.539754565e-003
2.422065277e+002;4.908387782e-004
2.424100189e+002;2.992099617e-003
2.426135254e+002;6.838124245e-003
2.428170624e+002;4.390653688e-003
2.430206146e+002;-1.176668331e-003
2.432241821e+002;-2.622289467e-004
2.434277649e+002;-3.624138422e-003
2.436313782e+002;-3.698100627e-004
2.438350067e+002;2.454194007e-003
2.440386505e+002;1.620440395e-003
2.442423248e+002;1.432173420e-003
2.444460144e+002;-2.575222636e-003
2.446497192e+002;-2.622289467e-004
2.448534393e+002;4.767187871e-003
2.450571899e+002;5.305093247e-003
2.452609558e+002;-1.095982501e-003
2.454647369e+002;2.911413787e-003
2.456685333e+002;5.439569708e-003
2.458723602e+002;1.593545079e-003
2.460762024e+002;9.877290577e-003
2.462800598e+002;2.400403377e-003
2.464839478e+002;1.674230909e-003
2.466878510e+002;-8.808203274e-004
2.468917694e+002;4.370482347e-004
2.470957031e+002;-1.277525589e-004
2.472996674e+002;-2.353336749e-004
2.475036316e+002;-1.364935306e-003
2.477076416e+002;4.955454729e-003
2.479116516e+002;-4.968902562e-003
2.481156921e+002;1.405278221e-003
2.483197479e+002;1.163220732e-003
2.485238190e+002;-4.504958924e-004
2.487279205e+002;6.972600240e-003
2.489320221e+002;5.715246079e-004
2.491361542e+002;-1.008572872e-004
2.493403168e+002;6.596066523e-003
2.495444794e+002;5.446293508e-004
2.497486725e+002;7.026391104e-003
2.499528809e+002;4.928559531e-003
2.501571198e+002;3.099680645e-003
2.503613586e+002;-2.017145744e-005
2.505656281e+002;2.158345887e-003
2.507699127e+002;7.053286303e-003
2.509742279e+002;5.305093247e-003
2.511785583e+002;6.791057531e-004
2.513829041e+002;-5.849722656e-004
2.515872650e+002;1.351487590e-003
2.517916412e+002;4.740292672e-003
2.519960480e+002;3.153471276e-003
2.522004700e+002;-2.084383887e-004
2.524049225e+002;-1.338039991e-003
2.526093750e+002;4.309968092e-003
2.528138580e+002;7.564296480e-003
2.530183563e+002;-5.311816931e-004
2.532228851e+002;-2.978651784e-003
2.534274139e+002;-2.763489727e-003
2.536319733e+002;1.190115931e-003
2.538365479e+002;4.955454729e-003
2.540411530e+002;-4.377206322e-003
2.542457581e+002;3.718272084e-003
2.544503937e+002;-1.633887994e-003
2.546550446e+002;1.781812054e-003
2.548597260e+002;3.099680645e-003
2.550644226e+002;2.938308986e-003
2.552691345e+002;4.014119972e-003
2.554738617e+002;3.556900425e-003
2.556786041e+002;-1.956631429e-003
2.558833771e+002;1.996974228e-003
2.560881653e+002;-2.333165146e-003
2.562929688e+002;-1.741469139e-003
2.564978027e+002;3.556900425e-003
2.567026367e+002;4.740292672e-003
2.569075012e+002;5.547150970e-003
2.571123962e+002;-4.888216499e-003
2.573172913e+002;1.324592391e-003
2.575222168e+002;7.026391104e-003
2.577271729e+002;7.456715219e-003
2.579321289e+002;-2.306269947e-003
2.581371155e+002;-2.548327437e-003
2.583421021e+002;-2.360060578e-003
2.585471191e+002;-2.037317259e-003
2.587521667e+002;-3.785510082e-003
2.589572144e+002;-1.902840799e-003
2.591622925e+002;1.001849072e-003
2.593674011e+002;6.300218403e-003
2.595725098e+002;3.664481454e-003
2.597776489e+002;3.361909694e-005
2.599827881e+002;-1.257354161e-003
2.601879578e+002;-1.606992795e-003
2.603931580e+002;7.564296480e-003
2.605983582e+002;-2.306269947e-003
2.608035889e+002;1.412002021e-004
2.610088501e+002;7.725668140e-003
2.612141113e+002;2.427298808e-003
2.614194031e+002;-2.353336749e-004
2.616246948e+002;9.749537567e-004
2.618300171e+002;4.820978269e-003
2.620353699e+002;8.693898097e-003
2.622407227e+002;-9.077155846e-004
2.624461060e+002;-2.575222636e-003
2.626515198e+002;6.791057531e-004
2.628569336e+002;-4.706673280e-005
2.630623779e+002;3.906538710e-003
2.632678223e+002;-4.457891919e-003
2.634732971e+002;1.136325416e-003
2.636788025e+002;6.569171324e-003
2.638843079e+002;-5.695074797e-003
2.640898438e+002;-7.732391823e-004
2.642954102e+002;-3.113128245e-003
2.645009766e+002;-3.967053199e-004
2.647065735e+002;-3.301395103e-003
2.649121704e+002;-2.306269947e-003
2.651177979e+002;-1.069087186e-003
2.653234558e+002;2.803832525e-003
2.655291138e+002;-7.732391823e-004
2.657348022e+002;2.642460866e-003
2.659405212e+002;-1.633887994e-003
2.661462402e+002;-1.687678625e-003
2.663519897e+002;8.404774126e-004
2.665577393e+002;1.243906561e-003
2.667635193e+002;3.691376653e-003
2.669693298e+002;3.234157106e-003
2.671751404e+002;5.063035991e-003
2.673809814e+002;8.290468715e-003
2.675868225e+002;-1.445621136e-003
2.677927246e+002;3.563624050e-004
2.679985962e+002;2.830727957e-003
2.682045288e+002;-1.277525589e-004
2.684104614e+002;5.681626964e-003
2.686163940e+002;-9.615061572e-004
2.688223877e+002;-8.808203274e-004
2.690283508e+002;3.906538710e-003
2.692343750e+002;5.600941367e-003
2.694403992e+002;9.689023718e-003
2.696464539e+002;-1.660783309e-003
2.698525085e+002;5.089931190e-003
2.700585938e+002;1.057656761e-002
2.702647095e+002;-2.709699096e-003
2.704708252e+002;-7.732391823e-004
2.706769714e+002;3.906538710e-003
2.708831177e+002;3.610690823e-003
2.710892944e+002;8.882164955e-003
2.712955017e+002;-2.575222636e-003
2.715017090e+002;-1.176668331e-003
2.717079468e+002;-1.364935306e-003
2.719141846e+002;3.691376653e-003
2.721204529e+002;1.136325416e-003
2.723267517e+002;-1.795259654e-003
2.725330811e+002;2.615565667e-003
2.727394104e+002;-8.808203274e-004
2.729457397e+002;-2.440746408e-003
2.731520996e+002;4.498234950e-003
2.733584900e+002;3.294671478e-004
2.735649109e+002;-2.360060578e-003
2.737713318e+002;9.823500179e-003
2.739777527e+002;1.190115931e-003
2.741842346e+002;3.287947504e-003
2.743907166e+002;2.776937326e-003
2.745971985e+002;1.701126224e-003
2.748037109e+002;-4.592368379e-003
2.750102539e+002;1.539754565e-003
2.752167969e+002;-1.015296672e-003
2.754233704e+002;-3.516557394e-003
2.756299744e+002;-2.144898288e-003
2.758365784e+002;-2.017145744e-005
2.760432129e+002;-2.279374748e-003
2.762498779e+002;-6.071608514e-003
2.764565430e+002;5.627836566e-003
2.766632080e+002;3.637586255e-003
2.768699341e+002;1.512859249e-003
2.770766602e+002;-5.345436279e-003
2.772833862e+002;1.143049230e-004
2.774901428e+002;3.583795624e-003
2.776969299e+002;7.537401281e-003
2.779037170e+002;1.190115931e-003
2.781105347e+002;1.412002021e-004
2.783173828e+002;-9.615061572e-004
2.785242310e+002;7.060010103e-004
2.787311096e+002;-4.404101521e-003
2.789379883e+002;-4.081358202e-003
2.791448975e+002;1.862497884e-003
2.793518372e+002;2.373508178e-003
2.795587769e+002;-6.098504178e-003
2.797657471e+002;-2.467641607e-003
2.799727478e+002;1.996974228e-003
2.801797485e+002;2.400403377e-003
2.803867798e+002;8.942679269e-004
2.805938110e+002;3.422423964e-003
2.808008728e+002;-2.467641607e-003
2.810079346e+002;4.094806034e-003
2.812150269e+002;1.701126224e-003
2.814221497e+002;-1.546478452e-004
2.816293030e+002;-1.795259654e-003
2.818364563e+002;-1.633887994e-003
2.820436096e+002;2.776937326e-003
2.822507935e+002;5.446293508e-004
2.824580078e+002;4.256177694e-003
2.826652527e+002;1.163220732e-003
2.828724976e+002;2.050764859e-003
2.830797424e+002;5.305093247e-003
2.832870483e+002;7.564296480e-003
2.834943542e+002;6.522104377e-004
2.837016602e+002;-2.064212458e-003
2.839089966e+002;2.481089206e-003
2.841163635e+002;-5.042864359e-004
2.843237305e+002;7.618086878e-003
2.845311279e+002;4.067910369e-003
2.847385559e+002;2.803832525e-003
2.849459839e+002;-4.915111698e-003
2.851534119e+002;6.246428005e-003
2.853609009e+002;-2.978651784e-003
2.855683899e+002;5.305093247e-003
2.857758789e+002;4.229282029e-003
2.859833984e+002;-4.706673280e-005
2.861909485e+002;5.715246079e-004
2.863985291e+002;4.686501808e-003
2.866061096e+002;5.036140326e-003
2.868136902e+002;3.045890015e-003
2.870213013e+002;-7.194486680e-004
2.872289429e+002;7.160867564e-003
2.874366150e+002;2.050764859e-003
2.876442871e+002;1.432173420e-003
2.878519592e+002;3.637586255e-003
2.880596619e+002;-1.929736114e-003
2.882673950e+002;-1.849050284e-003
2.884751587e+002;-2.413850976e-003
2.886829224e+002;2.723146696e-003
2.888906860e+002;3.718272084e-003
2.890985107e+002;-4.773911496e-004
2.893063354e+002;-2.924861386e-003
2.895141602e+002;2.158345887e-003
2.897220154e+002;3.207261674e-003
2.899299011e+002;2.131450688e-003
2.901377869e+002;4.767187871e-003
2.903457031e+002;-8.270297549e-004
2.905536499e+002;-4.027567804e-003
2.907615967e+002;-1.277525589e-004
2.909695435e+002;7.456715219e-003
2.911775513e+002;-1.714573824e-003
2.913855591e+002;5.923684686e-003
2.915935669e+002;-2.084383887e-004
2.918016052e+002;2.642460866e-003
2.920096741e+002;-1.815431169e-004
2.922177429e+002;1.889393199e-003
2.924258423e+002;-1.391830505e-003
2.926339722e+002;3.395528765e-003
2.928421021e+002;-1.606992795e-003
2.930502625e+002;5.789208226e-003
2.932584229e+002;-2.225584118e-003
2.934666138e+002;2.158345887e-003
2.936748047e+002;1.297697076e-003
2.938830566e+002;1.132963505e-002
2.940912781e+002;-1.149773016e-003
2.942995605e+002;-1.849050284e-003
2.945078430e+002;5.331988446e-003
2.947161255e+002;-1.230458845e-003
2.949244385e+002;2.669356298e-003
2.951327820e+002;-7.732391823e-004
2.953411255e+002;-1.230458845e-003
2.955494995e+002;3.422423964e-003
2.957579041e+002;-4.054463003e-003
2.959663086e+002;1.109430101e-003
2.961747437e+002;-6.656580954e-004
2.963831787e+002;2.373508178e-003
2.965916443e+002;9.749537567e-004
2.968001404e+002;8.135820972e-004
2.970086365e+002;1.001849072e-003
2.972171326e+002;-4.699949641e-003
2.974256897e+002;1.143049230e-004
2.976342468e+002;5.715246079e-004
2.978428040e+002;3.153471276e-003
2.980513916e+002;3.287947504e-003
2.982600098e+002;-1.176668331e-003
2.984686584e+002;-1.149773016e-003
2.986773071e+002;-6.206084974e-003
2.988859558e+002;1.109430101e-003
2.990946350e+002;3.422423964e-003
2.993033447e+002;1.862497884e-003
2.995120544e+002;-6.636409555e-003
2.997207947e+002;2.534879837e-003
2.999295654e+002;-2.622289467e-004
3.001383362e+002;-2.548327437e-003
3.003471375e+002;3.045890015e-003
3.005559387e+002;5.842998624e-003
3.007647705e+002;-3.946881741e-003
3.009736023e+002;3.294671478e-004
3.011824646e+002;1.943183714e-003
3.013913574e+002;1.217011246e-003
3.016002502e+002;-3.462766763e-003
3.018091736e+002;4.639435210e-004
3.020181274e+002;-1.580097480e-003
3.022270813e+002;3.664481454e-003
3.024360657e+002;8.404774126e-004
3.026450500e+002;1.620440395e-003
3.028540649e+002;-1.849050284e-003
3.030630798e+002;1.109430101e-003
3.032721252e+002;-4.504958924e-004
3.034812012e+002;-7.463439251e-004
3.036902771e+002;8.740965131e-005
3.038993835e+002;-1.176668331e-003
3.041085205e+002;8.613212034e-003
3.043176575e+002;3.294671478e-004
3.045267944e+002;-2.467641607e-003
3.047359619e+002;1.351487590e-003
3.049451599e+002;-2.629013266e-003
3.051543884e+002;-1.149773016e-003
3.053636169e+002;-3.086233046e-003
3.055728455e+002;1.270801760e-003
3.057821045e+002;2.292822348e-003
3.059913940e+002;1.970079029e-003
3.062007141e+002;3.987224773e-003
3.064100342e+002;-2.521432238e-003
3.066193542e+002;4.982349928e-003
3.068287048e+002;4.740292672e-003
3.070380859e+002;2.265927149e-003
3.072474670e+002;2.050764859e-003
3.074568787e+002;-4.054463003e-003
3.076663208e+002;2.265927149e-003
3.078757629e+002;3.099680645e-003
3.080852356e+002;6.058161147e-003
3.082947083e+002;-1.660783309e-003
3.085042114e+002;-1.580097480e-003
3.087137146e+002;1.808707369e-003
3.089232483e+002;1.055639586e-003
3.091328125e+002;-4.484787583e-003
3.093423767e+002;-4.504958924e-004
3.095519714e+002;7.510506082e-003
3.097615967e+002;3.180366475e-003
3.099712219e+002;-1.364935306e-003
3.101808472e+002;8.613212034e-003
3.103905334e+002;-5.237855017e-003
3.106001892e+002;-2.440746408e-003
3.108099060e+002;2.992099617e-003
3.110196228e+002;-3.967053199e-004
3.112293396e+002;8.942679269e-004
3.114390869e+002;2.588670468e-003
3.116488647e+002;1.324592391e-003
3.118586426e+002;-2.198688919e-003
3.120684509e+002;2.615565667e-003
3.122782898e+002;-3.005547216e-003
3.124881287e+002;-1.768364455e-003
3.126979980e+002;-1.008572872e-004
3.129078674e+002;2.723146696e-003
3.131177673e+002;-1.714573824e-003
3.133276672e+002;3.045890015e-003
3.135375977e+002;2.756765753e-004
3.137475586e+002;-4.081358202e-003
3.139575195e+002;6.165741943e-003
3.141675110e+002;1.754916739e-003
3.143775024e+002;2.373508178e-003
3.145875244e+002;-3.140023444e-003
3.147975769e+002;-3.247604705e-003
3.150076294e+002;-2.844175557e-003
3.152177124e+002;2.239031717e-003
3.154277954e+002;9.749537567e-004
3.156379089e+002;-1.095982501e-003
3.158480225e+002;-3.973776940e-003
3.160581970e+002;2.857623156e-003
3.162683411e+002;-1.822154969e-003
3.164785156e+002;5.654731765e-003
3.166887207e+002;-3.489662195e-003
3.168989563e+002;1.566649880e-003
3.171091919e+002;-9.615061572e-004
3.173194275e+002;1.512859249e-003
3.175296936e+002;-2.091107657e-003
3.177399902e+002;4.067910369e-003
3.179503174e+002;-2.064212458e-003
3.181606140e+002;5.869894288e-003
3.183709717e+002;-8.001344977e-004
3.185813293e+002;-3.160194901e-004
3.187917175e+002;2.803832525e-003
3.190021057e+002;-5.883341655e-003
3.192125244e+002;7.322239224e-003
3.194229431e+002;3.476214595e-003
3.196333923e+002;-2.709699096e-003
3.198438721e+002;4.982349928e-003
3.200543518e+002;2.911413787e-003
3.202648621e+002;1.620440395e-003
3.204753723e+002;3.987224773e-003
3.206859131e+002;-1.929736114e-003
3.208964844e+002;-2.413850976e-003
3.211070557e+002;3.987224773e-003
3.213176270e+002;-2.736594295e-003
3.215282593e+002;2.723146696e-003
3.217388611e+002;2.373508178e-003
3.219495239e+002;1.970079029e-003
3.221601868e+002;5.547150970e-003
3.223708496e+002;1.055639586e-003
3.225815735e+002;2.454194007e-003
3.227922668e+002;5.224407651e-003
3.230030212e+002;-9.884013562e-004
3.232137756e+002;-2.891242329e-004
3.234245300e+002;-8.808203274e-004
3.236353149e+002;-1.418725820e-003
3.238461304e+002;6.165741943e-003
3.240569458e+002;6.380904466e-003
3.242677917e+002;4.471339751e-003
3.244786377e+002;1.011934783e-002
3.246895142e+002;2.965204185e-003
3.249004211e+002;1.862497884e-003
3.251113281e+002;-4.773911496e-004
3.253222656e+002;1.996974228e-003
3.255332031e+002;4.908387782e-004
3.257441711e+002;7.080181502e-003
3.259551392e+002;1.028744271e-003
3.261661377e+002;-2.333165146e-003
3.263771667e+002;1.217011246e-003
3.265881958e+002;4.847873468e-003
3.267992554e+002;5.984199233e-004
3.270103149e+002;-1.008572872e-004
3.272214050e+002;-1.418725820e-003
3.274324951e+002;-8.808203274e-004
3.276436157e+002;3.852748312e-003
3.278547668e+002;-3.516557394e-003
3.280659180e+002;-6.387628382e-004
3.282770996e+002;-8.539250121e-004
3.284883118e+002;7.671877742e-003
3.286994934e+002;-2.467641607e-003
3.289107361e+002;-5.311816931e-004
3.291219788e+002;1.109430101e-003
3.293332520e+002;8.673726697e-004
3.295445251e+002;-1.902840799e-003
3.297558289e+002;1.109430101e-003
3.299671326e+002;1.781812054e-003
3.301784668e+002;1.082534902e-003
3.303898315e+002;3.368633334e-003
3.306011963e+002;1.082534902e-003
3.308125916e+002;1.001849072e-003
3.310239868e+002;-1.391830505e-003
3.312354126e+002;9.662128054e-003
3.314468384e+002;-1.687678625e-003
3.316582947e+002;-2.736594295e-003
3.318697815e+002;3.583795624e-003
3.320812683e+002;-9.615061572e-004
3.322927856e+002;9.480584995e-004
3.325043030e+002;-4.135148600e-003
3.327158508e+002;4.041015171e-003
3.329273987e+002;5.251302850e-003
3.331389771e+002;-1.983526628e-003
3.333505859e+002;-2.494536806e-003
3.335621948e+002;2.319717547e-003
3.337738342e+002;-3.967053199e-004
3.339854736e+002;4.525130149e-003
3.341971436e+002;-4.242729861e-003
3.344088440e+002;6.488485262e-003
3.346205444e+002;1.916288398e-003
3.348322449e+002;1.190115931e-003
3.350439758e+002;-4.773911496e-004
3.352557373e+002;1.620440395e-003
3.354674988e+002;-5.453017540e-003
3.356792908e+002;2.776937326e-003
3.358911133e+002;-2.279374748e-003
3.361029358e+002;1.369642001e-002
3.363147888e+002;1.593545079e-003
3.365266418e+002;5.984199233e-004
3.367384949e+002;-1.277525589e-004
3.369504089e+002;1.297697076e-003
3.371623230e+002;1.378382905e-003
3.373742371e+002;-2.891242329e-004
3.375861816e+002;4.847873468e-003
3.377981567e+002;-2.198688919e-003
3.380101318e+002;-4.726844840e-003
3.382221375e+002;6.461590063e-003
3.384341431e+002;-3.274499904e-003
3.386461792e+002;-5.042864359e-004
3.388582153e+002;5.331988446e-003
3.390702820e+002;6.273323204e-003
3.392823792e+002;1.728021540e-003
3.394944763e+002;-5.641284399e-003
3.397066040e+002;6.461590063e-003
3.399187317e+002;1.163220732e-003
3.401308899e+002;-1.445621136e-003
3.403430786e+002;1.143049230e-004
3.405552673e+002;5.715246079e-004
3.407674561e+002;2.669356298e-003
3.409796753e+002;-1.230458845e-003
3.411919250e+002;-6.656580954e-004
3.414041748e+002;7.429820020e-003
3.416164551e+002;-1.633887994e-003
3.418287659e+002;-3.597243223e-003
3.420410767e+002;-3.086233046e-003
3.422533875e+002;2.319717547e-003
3.424657288e+002;4.471339751e-003
3.426781006e+002;7.510506082e-003
3.428904724e+002;-3.677929053e-003
3.431028748e+002;4.121701233e-003
3.433152771e+002;-6.421247497e-003
3.435277100e+002;-1.741469139e-003
3.437401733e+002;-1.338039991e-003
3.439526367e+002;2.911413787e-003
3.441651306e+002;-2.602118067e-003
3.443776245e+002;2.615565667e-003
3.445901489e+002;5.600941367e-003
3.448026733e+002;3.287947504e-003
3.450152283e+002;1.001849072e-003
3.452277832e+002;-3.839300713e-003
3.454403687e+002;2.750042127e-003
3.456529846e+002;1.109430101e-003
3.458656006e+002;9.749537567e-004
3.460782471e+002;3.503109794e-003
3.462908936e+002;1.001849072e-003
3.465035706e+002;3.691376653e-003
3.467162476e+002;3.991931304e-002
3.469289551e+002;-1.257354161e-003
3.471416931e+002;3.960329574e-003
3.473544312e+002;-1.956631429e-003
3.475671997e+002;4.874768667e-003
3.477799683e+002;6.596066523e-003
3.479927673e+002;2.481089206e-003
3.482055664e+002;5.600941367e-003
3.484183960e+002;5.923684686e-003
3.486312561e+002;2.131450688e-003
3.488441162e+002;4.390653688e-003
3.490569763e+002;-2.084383887e-004
3.492698669e+002;1.781812054e-003
3.494827881e+002;7.107076701e-003
3.496957092e+002;3.099680645e-003
3.499086609e+002;6.434694864e-003
3.501216431e+002;8.673726697e-004
3.503346252e+002;2.884518355e-003
3.505476074e+002;4.417549353e-003
3.507606201e+002;1.996974228e-003
3.509736633e+002;-2.575222636e-003
3.511867065e+002;1.943183714e-003
3.513997803e+002;-3.973776940e-003
3.516128845e+002;2.319717547e-003
3.518259583e+002;-3.462766763e-003
3.520390930e+002;-3.247604705e-003
3.522522278e+002;-3.220709274e-003
3.524653931e+002;1.459068735e-003
3.526785583e+002;-5.042864359e-004
3.528917236e+002;-1.122877817e-003
3.531049500e+002;8.942679269e-004
3.533181763e+002;-5.856446456e-003
3.535314026e+002;-2.225584118e-003
3.537446594e+002;-3.651033854e-003
3.539579163e+002;1.197512168e-002
3.541712036e+002;2.723146696e-003
3.543845215e+002;-1.277525589e-004
3.545978394e+002;6.058161147e-003
3.548111877e+002;7.322239224e-003
3.550245361e+002;-2.171793487e-003
3.552379150e+002;-3.059337614e-003
3.554513245e+002;1.862497884e-003
3.556647339e+002;2.319717547e-003
3.558781433e+002;1.028744271e-003
3.560915833e+002;2.487813181e-004
3.563050537e+002;6.085056346e-003
3.565185242e+002;3.530004993e-003
3.567320251e+002;1.412002021e-004
3.569455261e+002;1.351487590e-003
3.571590576e+002;1.949907601e-004
3.573725891e+002;3.832576913e-004
3.575861511e+002;5.385779310e-003
3.577997437e+002;-1.983526628e-003
3.580133362e+002;6.757438183e-003
3.582269592e+002;5.009245127e-003
3.584405823e+002;2.481089206e-003
3.586542358e+002;-2.891242329e-004
3.588678894e+002;-1.929736114e-003
3.590815735e+002;-3.160194901e-004
3.592952576e+002;-1.526306965e-003
3.595089722e+002;-2.763489727e-003
3.597227173e+002;5.224407651e-003
3.599364624e+002;-1.606992795e-003
3.601502380e+002;1.270801760e-003
3.603640137e+002;-3.160194901e-004
3.605778198e+002;4.820978269e-003
3.607916260e+002;-2.198688919e-003
3.610054626e+002;-1.929736114e-003
3.612192993e+002;-1.042191987e-003
3.614331665e+002;7.866868400e-004
3.616470642e+002;-7.396200817e-005
3.618609619e+002;-1.822154969e-003
3.620748596e+002;-2.897965955e-003
3.622888184e+002;4.552025348e-003
3.625027466e+002;-2.548327437e-003
3.627167358e+002;4.928559531e-003
3.629307251e+002;2.723146696e-003
3.631447144e+002;2.588670468e-003
3.633587341e+002;6.791057531e-004
3.635727539e+002;1.949907601e-004
3.637868042e+002;4.101529776e-004
3.640008850e+002;3.422423964e-003
3.642149658e+002;-3.893091343e-003
3.644290771e+002;-6.118675228e-004
3.646431885e+002;2.723146696e-003
3.648573303e+002;3.287947504e-003
3.650714722e+002;9.097327478e-003
3.652856445e+002;3.832576913e-004
3.654998474e+002;6.051437231e-005
3.657140503e+002;-6.925533526e-004
3.659282532e+002;2.077660058e-003
3.661424866e+002;1.286266558e-002
3.663567505e+002;-3.355185734e-003
3.665710144e+002;1.432173420e-003
3.667853088e+002;4.639435210e-004
3.669996033e+002;-2.017145744e-005
3.672139282e+002;-3.247604705e-003
3.674282837e+002;7.060010103e-004
3.676426392e+002;-4.350311123e-003
3.678569946e+002;9.769708849e-003
3.680713806e+002;3.637586255e-003
3.682857971e+002;3.126575844e-003
3.685002136e+002;1.593545079e-003
3.687146606e+002;-7.194486680e-004
3.689291077e+002;-6.925533526e-004
3.691435852e+002;3.180366475e-003
3.693580627e+002;5.514448881e-001
3.695725708e+002;-9.106300473e-001
3.697871094e+002;-1.201118469e+000
3.700016479e+002;-6.864051819e-001
3.702161865e+002;-2.189953089e+000
3.704307556e+002;1.164459944e+000
3.706453552e+002;-2.232598327e-002
3.708599548e+002;7.190321088e-001
3.710745850e+002;1.714570761e+000
3.712892151e+002;-1.289442897e+000
3.715038757e+002;5.606919527e-001
3.717185364e+002;5.729618669e-001
3.719332275e+002;2.317634821e+000
3.721479492e+002;7.229921222e-001
3.723626709e+002;-1.489254951e+000
3.725773926e+002;-4.702760577e-001
3.727921448e+002;6.426799297e-001
3.730069275e+002;1.388288856e+000
3.732217102e+002;4.338415861e-001
3.734365234e+002;1.635500312e+000
3.736513367e+002;-9.123061299e-001
3.738661804e+002;1.688512564e+000
3.740810242e+002;-1.077201009e+000
3.742958984e+002;1.144266129e+000
3.745108032e+002;1.119725943e+000
3.747257080e+002;1.132441998e+000
3.749406128e+002;-1.050348639e+000
3.751555481e+002;1.658046842e+000
3.753705139e+002;-1.364080310e-001
3.755854797e+002;7.316722274e-001
3.758004761e+002;-1.600370854e-001
3.760154724e+002;-1.133931279e+000
3.762304993e+002;8.219732642e-001
3.764455261e+002;2.826838970e+000
3.766605835e+002;-3.532364070e-001
3.768756714e+002;-5.060680509e-001
3.770907593e+002;-1.379057407e+000
3.773058472e+002;4.281351566e-001
3.775209656e+002;-6.761203408e-001
3.777361145e+002;-1.237678528e+000
3.779512634e+002;4.412136376e-001
3.781664429e+002;-1.167438030e+000
3.783816223e+002;3.898963332e-001
3.785968323e+002;1.782937050e+000
3.788120422e+002;1.822017670e+000
3.790272827e+002;-8.148611784e-001
3.792425232e+002;5.081580281e-001
3.794577942e+002;-8.996986598e-002
3.796730957e+002;-1.345216155e+000
3.798883972e+002;1.222305775e+000
3.801036987e+002;-8.159824014e-001
3.803190308e+002;-7.798830271e-001
3.805343933e+002;9.670341611e-001
3.807497559e+002;-2.810632288e-001
3.809651489e+002;-5.484521389e-001
3.811805420e+002;-1.062646747e+000
3.813959656e+002;-3.972343802e-001
3.816113892e+002;-4.454025626e-001
3.818268433e+002;2.649255283e-002
3.820423279e+002;9.052452445e-001
3.822578125e+002;-3.956562281e-001
3.824732971e+002;1.129350185e+000
3.826888123e+002;-6.997439265e-001
3.829043579e+002;3.013566732e-001
3.831199036e+002;4.764578640e-001
3.833354797e+002;2.813582718e-001
3.835510559e+002;-1.203947738e-001
3.837666321e+002;1.849746704e+000
3.839822693e+002;-8.372288942e-001
3.841979065e+002;-8.506306410e-001
3.844135437e+002;4.599540234e-001
3.846292114e+002;1.410780072e+000
3.848448792e+002;3.384982944e-001
3.850605774e+002;1.976453364e-001
3.852763062e+002;5.542597771e-001
3.854920349e+002;-3.216237426e-001
3.857077637e+002;1.280918624e-002
3.859235229e+002;-1.803607702e+000
3.861393127e+002;7.416554689e-001
3.863551025e+002;2.997909784e-001
3.865709229e+002;1.053748131e+000
3.867867432e+002;2.221500874e-001
3.870025940e+002;9.289106131e-001
3.872184448e+002;6.516119838e-001
3.874343262e+002;8.421838284e-001
3.876502075e+002;6.450422406e-001
3.878661194e+002;6.052831411e-001
3.880820618e+002;-1.953334659e-001
3.882980042e+002;-2.350142896e-001
3.885139465e+002;-2.230191678e-001
3.887299194e+002;1.109817550e-001
3.889459229e+002;-1.025180146e-001
3.891619263e+002;2.068222016e-001
3.893779602e+002;2.468532473e-001
3.895939941e+002;6.921499968e-001
3.898100586e+002;-6.371828318e-001
3.900261230e+002;2.724771202e-001
3.902422180e+002;1.268524826e-001
3.904583130e+002;1.206493899e-001
3.906744385e+002;-4.385873675e-001
3.908905640e+002;4.516054988e-001
3.911067200e+002;7.162193656e-001
3.913229065e+002;-7.394577265e-001
3.915390930e+002;2.434643507e-001
3.917552795e+002;3.950870037e-001
3.919714966e+002;8.198192716e-001
3.921877441e+002;-1.138464093e+000
3.924039917e+002;3.686600327e-001
3.926202698e+002;-6.543806195e-001
3.928365479e+002;-3.851295114e-001
3.930528564e+002;-6.002617478e-001
3.932691650e+002;-4.821245372e-001
3.934855042e+002;6.468452811e-001
3.937018433e+002;-1.127544194e-001
3.939182129e+002;-6.322064996e-002
3.941345825e+002;-2.424527705e-001
3.943509827e+002;2.637116611e-001
3.945674133e+002;4.001488090e-001
3.947838135e+002;3.311115503e-001
3.950002747e+002;4.413052201e-001
3.952167358e+002;-4.877299070e-001
3.954332275e+002;-3.491470218e-001
3.956497192e+002;9.085373282e-001
3.958662109e+002;-5.887432396e-002
3.960827332e+002;2.425700724e-001
3.962992859e+002;7.095895410e-001
3.965158386e+002;-9.073100239e-002
3.967324219e+002;2.076809108e-001
3.969490051e+002;-2.491302192e-001
3.971656189e+002;2.372094840e-001
3.973822327e+002;-2.535173893e-001
3.975988770e+002;4.794736505e-001
3.978155518e+002;-4.539777339e-002
3.980321960e+002;6.857054234e-001
3.982489014e+002;1.518350840e-001
3.984656067e+002;3.067576587e-001
3.986823120e+002;4.235086143e-001
3.988990479e+002;-3.173299730e-001
3.991158142e+002;-4.806655645e-001
3.993325806e+002;5.645093322e-001
3.995493774e+002;-9.858690947e-002
3.997661743e+002;-6.668827683e-002
3.999829712e+002;-4.087418020e-001
4.001997986e+002;-1.286536157e-001
4.004166565e+002;4.067297578e-001
4.006335144e+002;-5.285176635e-001
4.008504028e+002;-2.347760499e-001
4.010672913e+002;-3.258035183e-001
4.012842102e+002;8.333497047e-001
4.015011597e+002;9.984219074e-001
4.017180786e+002;1.879052967e-001
4.019350586e+002;5.069844723e-001
4.021520386e+002;1.444020718e-001
4.023690186e+002;-1.663420163e-002
4.025860291e+002;-3.481776118e-001
4.028030701e+002;-2.428921610e-001
4.030201111e+002;-5.118709803e-001
4.032371521e+002;6.667959690e-001
4.034542236e+002;-3.225171268e-001
4.036713257e+002;-4.184934497e-002
4.038884277e+002;3.282223269e-002
4.041055298e+002;3.622378781e-002
4.043226929e+002;1.454445124e-001
4.045398254e+002;-1.353725791e-001
4.047569885e+002;1.650136262e-001
4.049741821e+002;8.036531210e-001
4.051913757e+002;5.249651670e-001
4.054085999e+002;9.241489768e-001
4.056258240e+002;-2.883166373e-001
4.058430786e+002;9.440144151e-002
4.060603638e+002;1.019755453e-001
4.062776184e+002;-3.394031525e-001
4.064949341e+002;-4.239494801e-001
4.067122498e+002;8.610757650e-004
4.069295654e+002;5.473365188e-001
4.071469116e+002;-8.119330555e-002
4.073642883e+002;-8.432092518e-002
4.075816650e+002;-8.772796392e-001
4.077990417e+002;5.774635077e-001
4.080164490e+002;-2.463256121e-001
4.082338867e+002;2.398604751e-001
4.084513245e+002;8.948119879e-001
4.086687622e+002;1.598127186e-001
4.088862305e+002;4.003913403e-001
4.091037292e+002;2.489574254e-001
4.093212280e+002;1.462866664e-001
4.095387573e+002;4.757071733e-001
4.097562866e+002;-3.806920350e-001
4.099738464e+002;7.939891219e-001
4.101914063e+002;-3.498059511e-001
4.104089966e+002;-3.546027839e-001
4.106265869e+002;-3.240877762e-002
4.108442078e+002;6.711646914e-002
4.110618286e+002;1.388032585e-001
4.112794800e+002;5.883530378e-001
4.114971313e+002;4.747168720e-001
4.117148132e+002;8.472243547e-001
4.119324951e+002;2.135704905e-001
4.121502075e+002;7.336874306e-002
4.123679504e+002;3.848989308e-001
4.125856934e+002;-2.692870200e-001
4.128034363e+002;1.096524954e+000
4.130212097e+002;-5.655648112e-001
4.132390137e+002;-2.384774685e-001
4.134568176e+002;4.354413033e+000
4.136746216e+002;-2.231341749e-001
4.138924561e+002;1.837798506e-001
4.141103210e+002;-3.145722747e-001
4.143281860e+002;-7.948852330e-002
4.145460510e+002;2.470091283e-001
4.147639771e+002;6.327330470e-001
4.149818726e+002;2.194807976e-001
4.151997986e+002;1.298496872e-001
4.154177551e+002;4.338978529e-001
4.156357117e+002;2.410768270e-001
4.158536987e+002;3.940968309e-003
4.160716858e+002;3.149419725e-001
4.162897034e+002;-2.726732790e-001
4.165077209e+002;2.922871709e-002
4.167257690e+002;8.618655801e-002
4.169438171e+002;2.706530690e-001
4.171618958e+002;-6.070064902e-001
4.173799744e+002;3.556277454e-001
4.175980835e+002;-5.931335315e-002
4.178161926e+002;1.033420205e+000
4.180343323e+002;2.279251218e-001
4.182524719e+002;1.030423865e-002
4.184706421e+002;6.727372855e-002
4.186888428e+002;9.793315530e-001
4.189070129e+002;-1.215851754e-001
4.191252441e+002;-5.019082427e-001
4.193434753e+002;-2.700875998e-001
4.195617065e+002;6.401160359e-002
4.197799683e+002;-2.895113528e-001
4.199982605e+002;6.511301994e-001
4.202165527e+002;1.636674851e-001
4.204348450e+002;6.686443090e-001
4.206531677e+002;-5.434464216e-001
4.208715210e+002;1.331592724e-002
4.210898743e+002;2.268830687e-002
4.213082275e+002;-2.887023985e-001
4.215266113e+002;-1.962370425e-001
4.217450256e+002;5.918741822e-001
4.219634399e+002;-5.096991062e-001
4.221818542e+002;3.906097114e-001
4.224002991e+002;3.413421810e-001
4.226187744e+002;4.130142629e-001
4.228372498e+002;-1.533308327e-001
4.230557556e+002;8.330882192e-001
4.232742615e+002;-1.321300268e-001
4.234927673e+002;-2.295422107e-001
4.237113342e+002;3.753828108e-001
4.239298706e+002;3.736150265e-001
4.241484375e+002;8.319760859e-002
4.243670349e+002;4.239847064e-001
4.245856323e+002;2.850902975e-001
4.248042603e+002;1.701440215e-001
4.250228882e+002;6.263154000e-002
4.252415466e+002;1.219603568e-001
4.254602051e+002;3.145915866e-001
4.256788940e+002;1.405053139e-001
4.258975830e+002;-6.768845022e-002
4.261163025e+002;4.469899535e-001
4.263350220e+002;4.093637466e-001
4.265537720e+002;-2.326949537e-001
4.267725220e+002;-6.770858914e-002
4.269913025e+002;4.851970077e-001
4.272100830e+002;-4.095672965e-001
4.274288940e+002;4.343378544e-001
4.276477051e+002;3.424673378e-001
4.278665466e+002;4.794026166e-002
4.280853882e+002;4.062154293e-001
4.283042603e+002;1.297486275e-001
4.285231628e+002;-8.103018254e-002
4.287420349e+002;3.864423037e-001
4.289609680e+002;2.319728583e-001
4.291799011e+002;3.559822589e-002
4.293988342e+002;-5.953595042e-002
4.296177979e+002;-2.274691015e-001
4.298367615e+002;-3.238238990e-001
4.300557556e+002;-2.401063144e-001
4.302747803e+002;7.517351508e-001
4.304937744e+002;1.055772826e-001
4.307128296e+002;-4.000238776e-001
4.309318848e+002;-6.631747633e-002
4.311509399e+002;5.551369786e-001
4.313700256e+002;-1.819377989e-001
4.315891113e+002;1.593440585e-002
4.318082275e+002;9.448073059e-002
4.320273743e+002;-2.462448776e-001
4.322465210e+002;1.990804672e-001
4.324656677e+002;-4.106971323e-001
4.326848450e+002;2.470781282e-002
4.329040527e+002;-1.245363578e-001
4.331232300e+002;1.322342902e-001
4.333424683e+002;-3.211443126e-002
4.335617065e+002;-1.716399938e-002
4.337809448e+002;2.365016192e-001
4.340002136e+002;3.851092160e-001
4.342195129e+002;1.913679540e-001
4.344388123e+002;-4.380735010e-002
4.346581116e+002;-2.804425955e-001
4.348774414e+002;2.749575377e-001
4.350968018e+002;2.533581853e-001
4.353161621e+002;4.314345121e-001
4.355355225e+002;-9.244709462e-002
4.357549133e+002;-2.480355650e-001
4.359743347e+002;-2.182115465e-001
4.361937561e+002;1.730708033e-001
4.364131775e+002;-1.511488855e-001
4.366326294e+002;1.299998909e-001
4.368520813e+002;-1.220680922e-001
4.370715637e+002;8.907386065e-001
4.372910767e+002;6.803314686e-001
4.375105896e+002;-4.157523438e-002
4.377301025e+002;2.503422499e-001
4.379496460e+002;-2.111064941e-001
4.381692200e+002;-4.661149383e-001
4.383887939e+002;-4.292945266e-001
4.386083679e+002;-1.850442030e-002
4.388279724e+002;1.137148812e-001
4.390476074e+002;-3.743176758e-001
4.392672424e+002;-1.542330682e-001
4.394868774e+002;4.134512544e-001
4.397065430e+002;-9.579022229e-002
4.399262390e+002;3.751007020e-001
4.401459351e+002;3.336252645e-002
4.403656311e+002;4.335367382e-001
4.405853577e+002;-3.208957240e-002
4.408051147e+002;-1.273345500e-001
4.410248718e+002;5.145519972e-001
4.412446289e+002;3.401227295e-001
4.414644165e+002;4.202382565e-001
4.416842346e+002;1.500783116e-001
4.419040527e+002;-3.320139647e-001
4.421238708e+002;4.529805183e-001
4.423437195e+002;-1.447213292e-001
4.425635986e+002;1.004163146e+000
4.427834778e+002;-2.899684012e-001
4.430033569e+002;9.717358649e-002
4.432232666e+002;4.223068058e-002
4.434431763e+002;-1.492118184e-002
4.436631165e+002;1.925343424e-001
4.438830872e+002;3.756060004e-001
4.441030579e+002;7.025324553e-002
4.443230286e+002;-5.581803620e-002
4.445430298e+002;-2.192372829e-001
4.447630615e+002;-7.081040740e-002
4.449830627e+002;-3.340080678e-001
4.452031250e+002;-3.505035937e-001
4.454231873e+002;-6.544132829e-001
4.456432495e+002;-4.574435055e-001
4.458633423e+002;-2.094438970e-001
4.460834656e+002;-3.616285920e-001
4.463035583e+002;2.451270670e-001
4.465237122e+002;3.870929405e-002
4.467438660e+002;-4.148119986e-001
4.469640198e+002;3.345991299e-002
4.471842041e+002;1.593270153e-001
4.474043884e+002;-2.653666139e-001
4.476246033e+002;7.631136775e-001
4.478448486e+002;3.021356761e-001
4.480650635e+002;1.792201847e-001
4.482853394e+002;5.865589976e-001
4.485056152e+002;6.408231258e-001
4.487258911e+002;-7.619496435e-002
4.489461975e+002;-4.252227247e-001
4.491665039e+002;-4.552294314e-001
4.493868408e+002;6.969417632e-002
4.496071777e+002;-9.525833279e-002
4.498275452e+002;2.871778607e-001
4.500479126e+002;3.766448796e-001
4.502683105e+002;3.201952279e-001
4.504887085e+002;-1.153287292e-002
4.507091370e+002;-1.423821151e-001
4.509295654e+002;1.078385413e-001
4.511500244e+002;4.215997159e-001
4.513704834e+002;-9.400589764e-002
4.515909729e+002;3.473828733e-002
4.518114624e+002;2.716434717e+000
4.520319824e+002;2.606483102e-001
4.522525024e+002;-1.125800163e-001
4.524730530e+002;4.727640748e-001
4.526936035e+002;9.429347515e-002
4.529141846e+002;-4.085076153e-001
4.531347656e+002;1.815143675e-001
4.533553467e+002;-9.245809168e-003
4.535759888e+002;1.592941433e-001
4.537966003e+002;1.664565653e-001
4.540172424e+002;1.371162981e-001
4.542379150e+002;-1.359604746e-001
4.544585876e+002;-8.047187328e-002
4.546792908e+002;-4.239949957e-002
4.548999939e+002;3.590267599e-001
4.551206970e+002;3.644257486e-001
4.553414307e+002;-8.499768376e-002
4.555621948e+002;1.438754648e-001
4.557829590e+002;4.998235404e-001
4.560037231e+002;-6.191175580e-001
4.562245178e+002;2.942544520e-001
4.564453430e+002;2.787806690e-001
4.566661682e+002;1.062113419e-001
4.568869934e+002;-2.328892946e-001
4.571078491e+002;-5.931411684e-002
4.573287354e+002;3.187491894e-001
4.575496216e+002;9.728562832e-002
4.577705078e+002;4.167593420e-001
4.579914246e+002;8.225357533e-002
4.582123413e+002;4.989822209e-002
4.584332886e+002;2.708114088e-001
4.586542664e+002;1.016674563e-001
4.588752136e+002;-4.353782907e-002
4.590962219e+002;-1.951503903e-001
4.593172302e+002;-3.446654677e-001
4.595382385e+002;-9.235368669e-002
4.597592773e+002;-3.986538351e-001
4.599803162e+002;3.890247941e-001
4.602013855e+002;-1.706111133e-001
4.604224548e+002;1.647464782e-001
4.606435547e+002;3.077965379e-001
4.608646545e+002;3.490459025e-001
4.610857849e+002;-3.124131858e-001
4.613069153e+002;3.469142914e-001
4.615280457e+002;2.995318472e-001
4.617492371e+002;4.505050778e-001
4.619703979e+002;-2.950036228e-001
4.621915894e+002;8.564645052e-002
4.624128113e+002;-2.342816442e-001
4.626340332e+002;3.943583667e-001
4.628552856e+002;-3.212855458e-001
4.630765381e+002;-2.287592590e-001
4.632977905e+002;4.478046000e-001
4.635190735e+002;1.887672096e-001
4.637403870e+002;-1.666650176e-001
4.639617004e+002;-5.044624805e-001
4.641830139e+002;-5.553833246e-001
4.644043579e+002;9.298479557e-002
4.646257324e+002;1.017450809e+000
4.648470764e+002;-1.375781745e-001
4.650684814e+002;-1.783189178e-001
4.652898865e+002;-8.344259858e-002
4.655112915e+002;1.449912190e-001
4.657327271e+002;1.446270645e-001
4.659541626e+002;-6.033435091e-002
4.661756287e+002;4.253812730e-001
4.663970947e+002;1.809825301e-001
4.666185913e+002;2.872915268e-001
4.668400879e+002;2.904785573e-001
4.670616150e+002;1.582599059e-002
4.672831421e+002;4.194698855e-002
4.675046997e+002;-2.126627713e-001
4.677262573e+002;4.142018780e-002
4.679478455e+002;-1.481517255e-001
4.681694336e+002;-5.974154174e-002
4.683910522e+002;-4.248258099e-002
4.686126709e+002;2.829300053e-002
4.688342896e+002;-3.533350825e-001
4.690559387e+002;-2.132467926e-001
4.692776184e+002;4.273919463e-001
4.694992981e+002;-4.750494659e-001
4.697209778e+002;5.454871431e-002
4.699426880e+002;4.835452512e-002
4.701644287e+002;6.629389524e-001
4.703861694e+002;3.657144606e-001
4.706079102e+002;7.076515257e-002
4.708296814e+002;-1.660956442e-001
4.710514526e+002;-8.122034371e-002
4.712732544e+002;4.689410329e-002
4.714950562e+002;-1.145002097e-001
4.717168884e+002;6.710980088e-002
4.719387207e+002;1.553446054e-001
4.721605835e+002;-3.546414897e-002
4.723824463e+002;4.353541732e-001
4.726043396e+002;2.745195664e-002
4.728262329e+002;-8.813343197e-002
4.730481567e+002;-3.485896587e-001
4.732700806e+002;-4.258437455e-001
4.734920349e+002;2.647871971e-001
4.737139893e+002;-8.846759051e-002
4.739359436e+002;1.939690709e-001
4.741579285e+002;-1.226153150e-001
4.743799438e+002;2.311675102e-001
4.746019592e+002;-1.900464147e-001
4.748239746e+002;1.415141951e-002
4.750460205e+002;-2.493409365e-001
4.752680664e+002;9.011238068e-002
4.754901428e+002;-2.983710468e-001
4.757122498e+002;3.421150744e-001
4.759343567e+002;-2.701474726e-001
4.761564636e+002;-3.181464374e-001
4.763786011e+002;-2.743927538e-001
4.766007385e+002;-1.095942780e-001
4.768229065e+002;-1.093762815e-001
4.770450745e+002;1.352805048e-001
4.772672424e+002;-1.121653616e-001
4.774894714e+002;-1.473814398e-001
4.777116699e+002;1.766452193e-002
4.779338989e+002;-5.526978150e-002
4.781561584e+002;6.850440055e-002
4.783784180e+002;-1.207024604e-001
4.786006775e+002;-5.859790444e-001
4.788229675e+002;3.751250207e-001
4.790452881e+002;3.172674775e-001
4.792676086e+002;2.469357848e-001
4.794899292e+002;-3.581267968e-002
4.797122803e+002;6.642219424e-001
4.799346313e+002;-4.385756701e-002
4.801570129e+002;1.333088279e-001
4.803794250e+002;2.200931907e-001
4.806018066e+002;-2.465492114e-002
4.808242493e+002;1.014405563e-001
4.810466614e+002;1.409636736e-001
4.812691040e+002;-5.973383039e-002
4.814915771e+002;1.666191965e-001
4.817140503e+002;2.335440367e-001
4.819365540e+002;7.017504424e-002
4.821590576e+002;2.737609744e-001
4.823815613e+002;8.402886987e-002
4.826040955e+002;1.752249599e-001
4.828266602e+002;9.470584989e-002
4.830492249e+002;1.166151315e-001
4.832717896e+002;7.875767350e-002
4.834943848e+002;-1.612096280e-001
4.837169800e+002;-2.572925016e-002
4.839396057e+002;4.910664633e-003
4.841622314e+002;2.014844678e-002
4.843848877e+002;-7.623165846e-001
4.846075439e+002;4.645350277e-001
4.848302307e+002;-1.828614175e-001
4.850529175e+002;-1.033941284e-001
4.852756348e+002;-3.358899653e-001
4.854983521e+002;2.063683979e-002
4.857210693e+002;1.795747131e-002
4.859438477e+002;9.562689811e-002
4.861665955e+002;1.887683198e-002
4.863893738e+002;-4.863060266e-002
4.866121521e+002;-1.940197945e-001
4.868349609e+002;-1.354433247e-003
4.870578003e+002;6.962650269e-002
4.872806091e+002;-7.090169191e-002
4.875034790e+002;-3.444799185e-001
4.877263489e+002;3.381729424e-001
4.879492188e+002;-9.286867827e-002
4.881720886e+002;5.683144554e-002
4.883950195e+002;5.709378049e-002
4.886179199e+002;3.350081742e-001
4.888408508e+002;2.389440387e-001
4.890638123e+002;2.640276253e-001
4.892867737e+002;1.678056419e-001
4.895097351e+002;2.124541700e-001
4.897327271e+002;1.065177619e-001
4.899557495e+002;-1.529433280e-001
4.901787720e+002;-5.092322081e-002
4.904017944e+002;1.720140874e-001
4.906248474e+002;2.951538861e-001
4.908479004e+002;5.635195225e-002
4.910709839e+002;-6.610634178e-002
4.912940674e+002;-2.412220091e-002
4.915171814e+002;-4.085758328e-001
4.917402954e+002;4.321749210e-001
4.919634399e+002;8.359946311e-002
4.921865845e+002;1.489985585e-001
4.924097290e+002;9.855248779e-002
4.926329041e+002;8.988218009e-002
4.928561096e+002;6.480720639e-002
4.930792847e+002;-1.626379490e-001
4.933025208e+002;1.098964661e-001
4.935257568e+002;-1.066687405e-001
4.937489929e+002;-1.742122322e-001
4.939722595e+002;8.069017529e-002
4.941955261e+002;-1.501453966e-001
4.944188232e+002;2.665189803e-001
4.946421204e+002;-1.786187589e-001
4.948654175e+002;-7.082251459e-002
4.950887756e+002;1.214501411e-001
4.953121033e+002;9.844119847e-002
4.955354614e+002;-4.624880552e-001
4.957588501e+002;-3.103635609e-001
4.959822083e+002;-2.814803086e-002
4.962056274e+002;-2.239659131e-001
4.964290466e+002;4.101681709e-002
4.966524658e+002;1.611502022e-001
4.968759155e+002;7.168370485e-002
4.970993652e+002;3.045110404e-001
4.973228455e+002;-2.279996276e-001
4.975463257e+002;2.454272471e-002
4.977698059e+002;-2.639100552e-001
4.979933167e+002;-1.288554631e-003
4.982168579e+002;-1.148978248e-001
4.984403992e+002;3.844304010e-002
4.986639404e+002;-1.736773551e-001
4.988875122e+002;1.149741933e-001
4.991111145e+002;-1.936825961e-001
4.993346863e+002;6.771989167e-002
4.995583191e+002;-6.012674049e-002
4.997819214e+002;6.480235606e-002
5.000055847e+002;1.962327063e-001
5.002292175e+002;-9.998807311e-002
5.004528809e+002;-8.061468601e-002
5.006765747e+002;5.111787096e-002
5.009002686e+002;-1.912128329e-001
5.011239929e+002;9.159232490e-003
5.013476868e+002;-2.592773736e-001
5.015714417e+002;2.526193559e-001
5.017951965e+002;1.091235876e-001
5.020189514e+002;2.277424932e-001
5.022427368e+002;-1.579924524e-001
5.024665222e+002;1.255686730e-001
5.026903381e+002;1.119315475e-001
5.029141541e+002;2.107854933e-003
5.031379700e+002;-1.777937263e-001
5.033618164e+002;2.375768423e-001
5.035856934e+002;-2.788685821e-002
5.038095703e+002;2.972223163e-001
5.040334473e+002;4.524567723e-001
5.042573547e+002;-8.466519415e-002
5.044812927e+002;4.103634953e-001
5.047052002e+002;-2.118843645e-001
5.049291687e+002;3.757434785e-001
5.051531067e+002;2.731549740e-001
5.053770752e+002;-2.960515320e-001
5.056010742e+002;2.614070177e-001
5.058250732e+002;1.853192598e-001
5.060491028e+002;3.538801670e-001
5.062731323e+002;-1.650553495e-001
5.064971619e+002;-4.094307125e-001
5.067212219e+002;4.232063890e-002
5.069452820e+002;1.558015496e-001
5.071693726e+002;2.131270468e-001
5.073934631e+002;-5.588497221e-002
5.076175842e+002;-2.007077783e-001
5.078417053e+002;4.578846097e-001
5.080658569e+002;7.235618681e-002
5.082900085e+002;1.445949525e-001
5.085141602e+002;3.394259512e-001
5.087383423e+002;-2.879318595e-001
5.089625244e+002;8.953474462e-002
5.091867371e+002;-1.077071726e-001
5.094109802e+002;5.193165690e-002
5.096351929e+002;5.954716727e-002
5.098594666e+002;2.563101053e-001
5.100837097e+002;-9.024736285e-002
5.103079834e+002;-1.469189227e-001
5.105322876e+002;1.150339395e-001
5.107565918e+002;-1.760593951e-001
5.109808960e+002;1.172356904e-001
5.112052307e+002;-5.406005308e-002
5.114295959e+002;-6.373395026e-002
5.116539612e+002;1.769977957e-001
5.118783264e+002;-2.039109170e-002
5.121027222e+002;1.106508598e-001
5.123270874e+002;8.190403134e-002
5.125515137e+002;-5.224145204e-002
5.127759399e+002;7.059194893e-002
5.130003662e+002;-2.669201195e-001
5.132248535e+002;-1.589797623e-002
5.134493408e+002;-7.873971015e-002
5.136738281e+002;1.105776057e-001
5.138983154e+002;1.508251727e-001
5.141228027e+002;1.556109190e-001
5.143473511e+002;-1.737806387e-002
5.145718994e+002;-1.906810403e-001
5.147964478e+002;-5.135796070e-001
5.150209961e+002;3.528788686e-001
5.152455444e+002;-6.955534220e-002
5.154701538e+002;-7.800325751e-002
5.156947632e+002;-1.584007442e-001
5.159193726e+002;4.760822654e-001
5.161440430e+002;-2.009288967e-001
5.163686523e+002;-4.358844087e-002
5.165933228e+002;-5.114270747e-002
5.168179932e+002;-1.666521132e-001
5.170426636e+002;-3.068684340e-001
5.172673950e+002;-8.369395137e-002
5.174921265e+002;3.106091321e-001
5.177168579e+002;2.066202015e-001
5.179415894e+002;2.467991784e-002
5.181663208e+002;1.488837302e-001
5.183911133e+002;-1.059608757e-001
5.186159058e+002;1.610302031e-001
5.188406982e+002;-1.411636919e-001
5.190654907e+002;-2.146949768e-001
5.192903442e+002;-2.848698944e-002
5.195151367e+002;3.079423867e-002
5.197399902e+002;2.599431388e-002
5.199649048e+002;-2.962105274e-001
5.201897583e+002;-4.421564937e-002
5.204146729e+002;1.637358405e-002
5.206395264e+002;3.367071748e-001
5.208645020e+002;-3.713631928e-001
5.210894165e+002;1.746694744e-001
5.213143311e+002;-2.152611166e-001
5.215393066e+002;1.472464483e-002
5.217642822e+002;3.338029981e-001
5.219892578e+002;-1.086437795e-002
5.222142944e+002;5.500887334e-002
5.224392700e+002;1.238773242e-001
5.226643066e+002;-7.496606559e-002
5.228893433e+002;-3.340469599e-001
5.231143799e+002;3.657876980e-003
5.233394775e+002;-1.055882201e-001
5.235645752e+002;2.823578380e-002
5.237896729e+002;-2.898103744e-002
5.240147705e+002;1.974873245e-001
5.242398682e+002;-2.380598933e-001
5.244650269e+002;-1.672787666e-001
5.246901855e+002;-2.100249529e-001
5.249153442e+002;-7.811873686e-003
5.251405029e+002;-1.303035021e-001
5.253657227e+002;-2.261136174e-001
5.255908813e+002;2.105292380e-001
5.258161011e+002;-2.949642837e-001
5.260413208e+002;-1.286163181e-002
5.262666016e+002;3.664304614e-001
5.264918213e+002;1.640615016e-001
5.267171021e+002;7.060711086e-002
5.269423828e+002;1.170102730e-001
5.271677246e+002;3.601315022e-001
5.273930054e+002;1.738380454e-002
5.276183472e+002;-6.402928848e-003
5.278436890e+002;1.591311954e-002
5.280690308e+002;-1.364437789e-001
5.282943726e+002;3.277736604e-001
5.285197754e+002;-2.280233502e-001
5.287451782e+002;-1.811974645e-001
5.289705811e+002;5.562199950e-001
5.291959839e+002;1.039079279e-001
5.294213867e+002;-6.662928313e-002
5.296468506e+002;1.709652543e-001
5.298723145e+002;6.121610105e-002
5.300977783e+002;4.891924933e-002
5.303232422e+002;-1.508821100e-001
5.305487671e+002;2.170213312e-001
5.307742920e+002;2.160318755e-002
5.309998169e+002;-2.789434493e-001
5.312253418e+002;-3.529661894e-001
5.314508667e+002;4.225204885e-001
5.316764526e+002;3.516190052e-001
5.319020386e+002;-1.013449132e-001
5.321276245e+002;-1.419572234e-001
5.323532104e+002;-1.212606952e-002
5.325788574e+002;-1.538635790e-001
5.328045044e+002;3.167717159e-001
5.330301514e+002;-9.732400626e-002
5.332557983e+002;1.307348460e-001
5.334814453e+002;1.806855053e-001
5.337071533e+002;1.447975188e-001
5.339328613e+002;-2.965392172e-001
5.341585693e+002;-1.332470030e-001
5.343842773e+002;7.525872439e-002
5.346099854e+002;2.242761552e-001
5.348357544e+002;4.930150695e-003
5.350615234e+002;2.454755604e-001
5.352872925e+002;-2.890354991e-001
5.355130615e+002;7.237706333e-002
5.357388916e+002;1.299208403e-001
5.359647217e+002;3.029139638e-001
5.361905518e+002;-1.734496802e-001
5.364163818e+002;2.430172712e-001
5.366422729e+002;-2.194803394e-002
5.368681030e+002;5.538907647e-002
5.370939941e+002;7.630022615e-002
5.373198853e+002;1.230902784e-002
5.375457764e+002;8.540669084e-002
5.377717285e+002;1.374539435e-001
5.379976807e+002;-6.799176335e-002
5.382236328e+002;8.482181281e-002
5.384495850e+002;1.052465364e-001
5.386755371e+002;-2.920054086e-002
5.389015503e+002;2.318931520e-001
5.391275635e+002;-2.305089682e-001
5.393535767e+002;-3.950738907e-002
5.395795898e+002;-1.590008885e-001
5.398056030e+002;1.893702298e-001
5.400316772e+002;-2.883485146e-002
5.402577515e+002;-3.054810166e-001
5.404838257e+002;1.601468623e-001
5.407098999e+002;-2.211410701e-001
5.409360352e+002;-7.490220666e-002
5.411621704e+002;8.846476674e-002
5.413883057e+002;2.507249117e-001
5.416144409e+002;1.838695854e-001
5.418405762e+002;-1.120140851e-001
5.420667725e+002;-1.046439558e-001
5.422929688e+002;-2.338317335e-001
5.425191650e+002;8.923526108e-002
5.427453613e+002;1.004164219e-001
5.429716187e+002;9.299459308e-002
5.431978149e+002;2.451933324e-001
5.434240723e+002;6.282857805e-002
5.436503296e+002;-7.357620448e-002
5.438766479e+002;1.705091149e-001
5.441029053e+002;-1.310972571e-001
5.443292236e+002;2.141695172e-001
5.445555420e+002;2.006900907e-001
5.447818604e+002;-5.399945006e-002
5.450082397e+002;1.466537863e-001
5.452345581e+002;-1.776587032e-002
5.454609375e+002;-1.494953874e-002
5.456873169e+002;3.647740558e-002
5.459136963e+002;5.852834880e-002
5.461401367e+002;2.131208628e-001
5.463665771e+002;5.885073449e-003
5.465930176e+002;-1.834165454e-001
5.468194580e+002;3.098580288e-003
5.470458984e+002;6.880124658e-002
5.472723999e+002;2.864189744e-001
5.474988403e+002;-2.556376755e-001
5.477253418e+002;3.966056556e-002
5.479518433e+002;1.590852141e-001
5.481784058e+002;5.315086991e-002
5.484049072e+002;1.257914007e-001
5.486314697e+002;-8.998707682e-002
5.488580322e+002;4.055901468e-001
5.490846558e+002;4.106003344e-001
5.493112183e+002;-1.524790674e-001
5.495378418e+002;2.770581543e-001
5.497644653e+002;4.761791825e-001
5.499910889e+002;2.561388910e-001
5.502177124e+002;-1.094814762e-001
5.504443970e+002;8.101557493e-001
5.506710205e+002;1.148907095e-001
5.508977051e+002;2.054071613e-002
5.511243896e+002;8.641877025e-002
5.513511353e+002;1.845386326e-001
5.515778198e+002;-1.760383248e-001
5.518045654e+002;-4.538974911e-002
5.520313110e+002;1.091844365e-001
5.522580566e+002;-9.933221340e-002
5.524848633e+002;5.280325413e-001
5.527116699e+002;1.521904916e-001
5.529384155e+002;2.413718998e-001
5.531652222e+002;4.968880117e-002
5.533920898e+002;-9.797304869e-002
5.536188965e+002;2.525137663e-001
5.538457642e+002;1.480591390e-002
5.540726318e+002;5.693619326e-002
5.542994995e+002;2.115001380e-001
5.545263672e+002;7.158903033e-002
5.547532959e+002;-1.867764294e-001
5.549802246e+002;1.609924436e-002
5.552071533e+002;1.609209180e-002
5.554340820e+002;1.178738698e-001
5.556610107e+002;-1.769243330e-001
5.558880005e+002;8.271667361e-002
5.561149902e+002;-9.219722450e-002
5.563419800e+002;2.529871762e-001
5.565689697e+002;-7.013653219e-002
5.567959595e+002;7.696273178e-002
5.570230103e+002;-1.272128075e-001
5.572500610e+002;5.252730101e-002
5.574771118e+002;1.561663747e+000
5.577041626e+002;-8.194465935e-002
5.579312744e+002;-1.437965482e-001
5.581583252e+002;5.975833908e-002
5.583854370e+002;-7.434406877e-002
5.586125488e+002;4.082979262e-002
5.588397217e+002;1.818101555e-001
5.590668335e+002;1.539151818e-001
5.592940063e+002;-1.687238067e-001
5.595211792e+002;-1.317086965e-001
5.597483521e+002;-3.523665713e-003
5.599755249e+002;3.534521759e-001
5.602027588e+002;-6.490845978e-002
5.604299927e+002;8.843752742e-002
5.606572266e+002;7.962361909e-003
5.608844604e+002;-7.216426730e-002
5.611117554e+002;4.970111251e-001
5.613389893e+002;2.403373122e-001
5.615662842e+002;4.828264564e-002
5.617935791e+002;-1.418631971e-001
5.620208740e+002;-2.724026889e-002
5.622482300e+002;-1.044415534e-001
5.624755249e+002;9.051566012e-003
5.627028809e+002;1.654406078e-002
5.629302368e+002;1.045351177e-001
5.631576538e+002;-1.271643192e-001
5.633850098e+002;2.078214586e-001
5.636124268e+002;7.693488151e-002
5.638398438e+002;4.224434868e-002
5.640672607e+002;-8.592790365e-002
5.642946777e+002;-6.014506146e-002
5.645221558e+002;4.981729388e-001
5.647496338e+002;6.045195833e-002
5.649771118e+002;-3.524124622e-002
5.652045898e+002;2.331844270e-001
5.654320679e+002;2.359905690e-001
5.656596069e+002;8.482158184e-002
5.658870850e+002;1.483616978e-001
5.661146240e+002;1.236440390e-001
5.663422241e+002;2.512146831e-001
5.665697632e+002;-5.843430385e-002
5.667973633e+002;-1.036587656e-001
5.670249023e+002;1.381357908e-001
5.672525024e+002;2.040688545e-001
5.674801636e+002;6.131405756e-002
5.677077637e+002;3.044629411e-004
5.679354248e+002;-1.092970818e-001
5.681630859e+002;2.500348687e-001
5.683907471e+002;2.349529713e-001
5.686184082e+002;3.186389059e-002
5.688460693e+002;5.329273343e-001
5.690737915e+002;9.861199260e-001
5.693015137e+002;9.361097217e-001
5.695292358e+002;1.271849871e+000
5.697569580e+002;1.704258442e+000
5.699847412e+002;2.092174768e+000
5.702125244e+002;2.503816843e+000
5.704403076e+002;2.741890430e+000
5.706680908e+002;3.006528616e+000
5.708958740e+002;3.390577078e+000
5.711237183e+002;3.555111408e+000
5.713515015e+002;3.544191599e+000
5.715793457e+002;3.801886082e+000
5.718071899e+002;4.258468151e+000
5.720350952e+002;4.072530746e+000
5.722629395e+002;4.499216080e+000
5.724908447e+002;4.590767384e+000
5.727187500e+002;4.845145226e+000
5.729466553e+002;5.219437122e+000
5.731746216e+002;5.086256504e+000
5.734025269e+002;5.107837200e+000
5.736304932e+002;5.824232578e+000
5.738584595e+002;6.047548294e+000
5.740864258e+002;6.286325932e+000
5.743144531e+002;6.113810062e+000
5.745424194e+002;6.512879372e+000
5.747704468e+002;6.390669346e+000
5.749984741e+002;7.043041706e+000
5.752265015e+002;7.282825947e+000
5.754545898e+002;7.386831760e+000
5.756826172e+002;7.662765026e+000
5.759107056e+002;7.841449738e+000
5.761387939e+002;8.144922256e+000
5.763668823e+002;8.717331886e+000
5.765950317e+002;8.698116302e+000
5.768231201e+002;8.933957100e+000
5.770512695e+002;9.043904305e+000
5.772794189e+002;9.220002174e+000
5.775076294e+002;9.855742455e+000
5.777357788e+002;1.012497044e+001
5.779639893e+002;1.051622581e+001
5.781921997e+002;1.089371395e+001
5.784204102e+002;1.114014626e+001
5.786486206e+002;1.169686699e+001
5.788768311e+002;1.246045494e+001
5.791051025e+002;1.237867832e+001
5.793333740e+002;1.277997971e+001
5.795616455e+002;1.323893642e+001
5.797899170e+002;1.425312042e+001
5.800182495e+002;1.446851921e+001
5.802465210e+002;1.464498997e+001
5.804748535e+002;1.515522385e+001
5.807031860e+002;1.570831299e+001
5.809315796e+002;1.591550446e+001
5.811599121e+002;1.629017448e+001
5.813883057e+002;1.738489723e+001
5.816166992e+002;1.718519402e+001
5.818450928e+002;1.840330124e+001
5.820734863e+002;1.877618599e+001
5.823019409e+002;1.916076660e+001
5.825303345e+002;1.980978394e+001
5.827587891e+002;2.016781807e+001
5.829872437e+002;2.054549599e+001
5.832157593e+002;2.145348930e+001
5.834442139e+002;2.242354774e+001
5.836727295e+002;2.261152840e+001
5.839012451e+002;2.287349129e+001
5.841297607e+002;2.377408981e+001
5.843582764e+002;2.443050766e+001
5.845868530e+002;2.504223061e+001
5.848154297e+002;2.584309959e+001
5.850439453e+002;2.552400780e+001
5.852725830e+002;2.620312119e+001
5.855011597e+002;2.694720650e+001
5.857297363e+002;2.713445854e+001
5.859583740e+002;2.770738602e+001
5.861870117e+002;2.819829369e+001
5.864156494e+002;2.834031296e+001
5.866443481e+002;2.850963402e+001
5.868729858e+002;2.892883492e+001
5.871016846e+002;2.940694427e+001
5.873303833e+002;2.869780159e+001
5.875590820e+002;2.917161369e+001
5.877877808e+002;2.863911438e+001
5.880165405e+002;2.828497505e+001
5.882452393e+002;2.825573730e+001
5.884739990e+002;2.777164078e+001
5.887027588e+002;2.720062256e+001
5.889315796e+002;2.680227280e+001
5.891603394e+002;2.586976242e+001
5.893891602e+002;2.562303734e+001
5.896179810e+002;2.468786049e+001
5.898468018e+002;2.380645370e+001
5.900756226e+002;2.272744179e+001
5.903045044e+002;2.162637711e+001
5.905333862e+002;2.086714363e+001
5.907622681e+002;1.959386635e+001
5.909911499e+002;1.903218079e+001
5.912200317e+002;1.763183975e+001
5.914489136e+002;1.639665031e+001
5.916778564e+002;1.545595551e+001
5.919067993e+002;1.425378036e+001
5.921357422e+002;1.341240597e+001
5.923646851e+002;1.210005379e+001
5.925936890e+002;1.129556084e+001
5.928226929e+002;1.068116093e+001
5.930516968e+002;9.225228310e+000
5.932807007e+002;8.344760895e+000
5.935097046e+002;7.619242191e+000
5.937387695e+002;6.690513134e+000
5.939677734e+002;6.021484375e+000
5.941968384e+002;5.086836338e+000
5.944259033e+002;4.351855278e+000
5.946549683e+002;3.512964725e+000
5.948840942e+002;3.238272429e+000
5.951132202e+002;2.347194910e+000
5.953423462e+002;1.797482252e+000
5.955714722e+002;1.516188264e+000
5.958005981e+002;1.263558149e+000
5.960297241e+002;1.007054806e+000
5.962589111e+002;1.023633361e+000
5.964880981e+002;7.728303075e-001
5.967172852e+002;5.257883668e-001
5.969464722e+002;5.608099699e-001
5.971757202e+002;4.340931773e-001
5.974049072e+002;4.709134102e-001
5.976341553e+002;2.735621929e-001
5.978634033e+002;2.421635836e-001
5.980926514e+002;1.596571207e-001
5.983219604e+002;2.876358032e-001
5.985512695e+002;2.910869122e-001
5.987805176e+002;3.070241809e-001
5.990098267e+002;8.700039983e-002
5.992391968e+002;1.128370836e-001
5.994685059e+002;1.000245847e-002
5.996978760e+002;1.667043716e-001
5.999271851e+002;2.746718526e-001
6.001565552e+002;8.553337306e-002
6.003859863e+002;-7.638631016e-002
6.006153564e+002;-1.373783313e-002
6.008447876e+002;2.931894548e-002
6.010741577e+002;8.291788399e-002
6.013035889e+002;1.451221257e-001
6.015330811e+002;1.845833957e-001
6.017625122e+002;-1.044831518e-002
6.019920044e+002;2.971702814e-001
6.022214355e+002;8.594009280e-002
6.024509277e+002;-4.365857318e-002
6.026804810e+002;2.277304605e-002
6.029099731e+002;4.322213680e-002
6.031394653e+002;2.753371596e-001
6.033690186e+002;-9.861343354e-002
6.035985718e+002;-5.666186661e-002
6.038281250e+002;2.171637304e-002
6.040577393e+002;1.353129148e-001
6.042872925e+002;1.235134676e-001
6.045169067e+002;8.389668167e-002
6.047465210e+002;1.505893022e-001
6.049761353e+002;2.496113256e-002
6.052057495e+002;5.727229640e-003
6.054354248e+002;-2.564378269e-002
6.056650391e+002;4.668003693e-002
6.058947144e+002;2.020486295e-001
6.061243896e+002;-1.380337216e-002
6.063541260e+002;1.612565368e-001
6.065838013e+002;-5.431956798e-002
6.068135376e+002;2.405740768e-001
6.070432129e+002;-8.307707496e-003
6.072730103e+002;-2.096776292e-002
6.075027466e+002;-6.478471309e-002
6.077324829e+002;4.975635931e-002
6.079622803e+002;6.121935248e-001
6.081920776e+002;-8.622758836e-002
6.084218750e+002;-9.110476822e-002
6.086516724e+002;5.811421201e-002
6.088814697e+002;-3.690849617e-002
6.091113281e+002;3.835222498e-002
6.093411865e+002;8.716956712e-003
6.095710449e+002;3.907032311e-001
6.098009033e+002;-7.491283119e-002
6.100307617e+002;2.073341049e-002
6.102606812e+002;-5.058533326e-002
6.104905396e+002;2.670436203e-001
6.107204590e+002;3.838120401e-002
6.109504395e+002;2.639149898e-004
6.111803589e+002;-3.308185935e-002
6.114102783e+002;-1.662746966e-001
6.116402588e+002;-9.928628057e-002
6.118702393e+002;1.364999712e-001
6.121002197e+002;-1.064793859e-002
6.123302002e+002;4.891438410e-002
6.125602417e+002;2.242079675e-001
6.127902222e+002;-2.333709449e-001
6.130202637e+002;5.770235509e-002
6.132503052e+002;1.047690213e-001
6.134804077e+002;2.019267827e-001
6.137104492e+002;-3.212568164e-002
6.139405518e+002;3.631959110e-002
6.141705933e+002;8.591752499e-002
6.144006958e+002;4.567530379e-002
6.146308594e+002;2.519395947e-001
6.148609619e+002;-7.012240589e-002
6.150911255e+002;-2.555989623e-001
6.153212280e+002;1.371256858e-001
6.155513916e+002;1.682460308e-001
6.157816162e+002;-4.258212075e-002
6.160117798e+002;9.577038884e-002
6.162419434e+002;4.199636355e-002
6.164721680e+002;-4.546785727e-002
6.167023926e+002;-1.027433872e-001
6.169326172e+002;9.336502105e-002
6.171628418e+002;-3.358931467e-002
6.173931274e+002;-1.672689319e-001
6.176234131e+002;-9.909976274e-002
6.178536377e+002;6.548997015e-002
6.180839844e+002;6.326561421e-002
6.183142700e+002;3.590024635e-002
6.185445557e+002;4.019309580e-002
6.187749023e+002;-7.518825680e-002
6.190052490e+002;-1.094373986e-001
6.192355957e+002;1.990329921e-001
6.194659424e+002;3.978366777e-002
6.196962891e+002;-5.257733539e-002
6.199266968e+002;3.338280320e-001
6.201571045e+002;3.299003243e-001
6.203875122e+002;1.363605708e-001
6.206179199e+002;2.272102609e-002
6.208483276e+002;-1.226739213e-001
6.210787964e+002;2.515935302e-001
6.213092041e+002;-1.607979238e-001
6.215396729e+002;2.815470397e-001
6.217701416e+002;-1.121529043e-001
6.220006104e+002;6.261851639e-002
6.222311401e+002;6.763222627e-003
6.224616699e+002;-8.077579737e-002
6.226921387e+002;1.180278212e-001
6.229226685e+002;3.645425141e-001
6.231532593e+002;-1.334152371e-001
6.233837891e+002;1.876288652e-001
6.236143799e+002;4.239059985e-002
6.238449097e+002;-8.974247426e-002
6.240755005e+002;2.920321822e-001
6.243061523e+002;-1.366470754e-001
6.245367432e+002;2.302029133e-001
6.247673340e+002;-1.155849174e-002
6.249979858e+002;1.919046789e-001
6.252286377e+002;7.766333967e-002
6.254592896e+002;1.033336744e-001
6.256899414e+002;1.017415896e-001
6.259206543e+002;-5.607930198e-002
6.261513672e+002;5.306467041e-002
6.263820190e+002;1.006029546e-001
6.266127319e+002;-2.661871351e-002
6.268435059e+002;8.272881061e-002
6.270742188e+002;-3.392850608e-002
6.273049927e+002;-5.116622895e-002
6.275357056e+002;1.600136906e-001
6.277664795e+002;1.011710837e-001
6.279973145e+002;1.414513141e-001
6.282280884e+002;-1.711783372e-002
6.284588623e+002;1.330370307e-001
6.286896973e+002;-1.163216587e-002
6.289205322e+002;2.003446668e-001
6.291513672e+002;1.003430877e-002
6.293822021e+002;1.870358288e-001
6.296130981e+002;2.169584483e-002
6.298439941e+002;7.312088460e-002
6.300748291e+002;6.420751661e-002
6.303057251e+002;6.923093647e-002
6.305366821e+002;1.092649102e-001
6.307675781e+002;1.511271596e-001
6.309985352e+002;5.674901232e-002
6.312294312e+002;6.890995055e-002
6.314603882e+002;1.011268422e-002
6.316913452e+002;-4.113613442e-002
6.319223633e+002;1.139695868e-001
6.321533203e+002;-9.707473218e-002
6.323843384e+002;-6.886149943e-002
6.326153564e+002;-7.116753608e-002
6.328463745e+002;1.321310252e-001
6.330773926e+002;-3.328597546e-002
6.333084717e+002;-6.928630918e-002
6.335394897e+002;-5.474265292e-002
6.337705688e+002;1.483013630e-001
6.340016479e+002;8.963367343e-002
6.342327271e+002;-1.067235917e-001
6.344638062e+002;7.674933970e-002
6.346949463e+002;-1.308748722e-001
6.349260864e+002;1.441470683e-001
6.351572266e+002;-1.372085139e-002
6.353883667e+002;1.493202597e-001
6.356195068e+002;1.010275260e-001
6.358506470e+002;-4.346243292e-002
6.360818481e+002;-1.595158875e-001
6.363130493e+002;4.032770544e-002
6.365442505e+002;-2.899697609e-002
6.367754517e+002;4.462701455e-002
6.370067139e+002;1.530412491e-002
6.372379150e+002;1.778260767e-001
6.374691772e+002;-5.073702335e-002
6.377004395e+002;-1.149767637e-001
6.379317017e+002;1.672201008e-001
6.381629639e+002;2.159280628e-001
6.383942871e+002;7.550082356e-002
6.386255493e+002;-1.454639062e-002
6.388568726e+002;2.075322717e-002
6.390881958e+002;-7.752312720e-002
6.393195190e+002;9.507017583e-002
6.395509033e+002;-1.425294280e-001
6.397822266e+002;-1.515683681e-001
6.400136108e+002;1.173631623e-001
6.402449951e+002;6.253259629e-002
6.404763794e+002;-2.497697622e-001
6.407078247e+002;-6.926354021e-002
6.409392090e+002;1.814668626e-001
6.411706543e+002;-4.397152737e-002
6.414020996e+002;3.282480836e-001
6.416335449e+002;1.598792076e-001
6.418649902e+002;2.687399983e-001
6.420964355e+002;4.756196961e-002
6.423279419e+002;3.648945317e-002
6.425594482e+002;4.784220830e-002
6.427909546e+002;3.775909543e-002
6.430224609e+002;1.896867454e-001
6.432539673e+002;5.435445532e-002
6.434854736e+002;3.656994924e-002
6.437170410e+002;-7.086253166e-002
6.439486084e+002;-7.992365863e-004
6.441801758e+002;-1.630738080e-001
6.444117432e+002;1.704141200e-001
6.446433716e+002;5.072357506e-002
6.448749390e+002;1.413966566e-001
6.451065674e+002;-2.561687231e-001
6.453381958e+002;9.298487566e-003
6.455698242e+002;-1.748071164e-001
6.458014526e+002;-3.404137492e-002
6.460331421e+002;1.433041841e-001
6.462648315e+002;1.734014302e-001
6.464964600e+002;-1.420145631e-001
6.467281494e+002;2.255424708e-001
6.469598999e+002;-9.718521684e-002
6.471915894e+002;-6.639357656e-002
6.474233398e+002;1.932103038e-001
6.476550293e+002;1.061694417e-002
6.478867798e+002;-1.400290728e-001
6.481185303e+002;1.569748521e-001
6.483503418e+002;-1.945105344e-001
6.485820923e+002;-2.357400507e-001
6.488139038e+002;-3.202214837e-001
6.490457153e+002;1.247941926e-001
6.492775269e+002;-9.225967526e-002
6.495093384e+002;7.637599856e-002
6.497411499e+002;1.112985313e-001
6.499730225e+002;1.206537150e-002
6.502048950e+002;1.481211511e-003
6.504367676e+002;1.164221615e-001
6.506686401e+002;2.024988681e-001
6.509005127e+002;1.952632144e-002
6.511323853e+002;1.990804076e-001
6.513643188e+002;5.233925581e-002
6.515962524e+002;-1.012656912e-001
6.518281860e+002;-9.065766633e-002
6.520601196e+002;-1.306506544e-001
6.522920532e+002;-1.757645234e-002
6.525240479e+002;2.051323503e-001
6.527560425e+002;5.293720588e-002
6.529879761e+002;4.863273352e-002
6.532199707e+002;-1.299259663e-001
6.534520264e+002;5.192513112e-003
6.536840210e+002;-1.941617727e-001
6.539160767e+002;3.020151146e-002
6.541480713e+002;5.725062639e-002
6.543801270e+002;1.198680513e-002
6.546122437e+002;1.289622784e-001
6.548442993e+002;1.272920370e-001
6.550763550e+002;4.729672894e-002
6.553084717e+002;1.791945249e-001
6.555405884e+002;1.772090942e-001
6.557727051e+002;-1.962578893e-001
6.560048218e+002;-1.443413198e-001
6.562369385e+002;8.579371870e-002
6.564691162e+002;-1.502909064e-001
6.567012939e+002;8.458521217e-003
6.569334717e+002;-1.699672267e-002
6.571656494e+002;-4.099334776e-002
6.573978271e+002;5.276135728e-002
6.576300049e+002;-3.432864323e-002
6.578622437e+002;1.172467042e-002
6.580944824e+002;-1.863955557e-001
6.583267212e+002;-8.284748532e-003
6.585589600e+002;-2.614551187e-001
6.587911987e+002;9.927868843e-003
6.590234985e+002;-8.162587881e-003
6.592557373e+002;2.415707260e-001
6.594880371e+002;7.613680325e-003
6.597203369e+002;4.473613948e-002
6.599526978e+002;2.918027937e-001
6.601849976e+002;3.952827770e-003
6.604172974e+002;1.491216570e-001
6.606496582e+002;4.436131194e-002
6.608820190e+002;-7.791640610e-002
6.611143799e+002;-3.117296286e-002
6.613467407e+002;6.921093911e-002
6.615791626e+002;9.564780444e-002
6.618115845e+002;3.031811502e-004
6.620439453e+002;1.602421552e-001
6.622763672e+002;1.901744902e-001
6.625087891e+002;-3.450875357e-002
6.627412720e+002;1.372963786e-001
6.629736938e+002;8.244243264e-002
6.632061768e+002;-2.069048584e-001
6.634386597e+002;-1.450803876e-001
6.636711426e+002;-3.566024080e-002
6.639036255e+002;2.864471376e-001
6.641361084e+002;-1.810550243e-001
6.643686523e+002;6.878849864e-002
6.646011963e+002;-4.480981454e-002
6.648336792e+002;-8.850450069e-002
6.650662842e+002;1.364588141e-001
6.652988281e+002;4.067273438e-002
6.655313721e+002;-3.197292611e-002
6.657639771e+002;-1.461713165e-001
6.659965820e+002;8.254421502e-002
6.662291870e+002;1.649455428e-001
6.664617920e+002;2.901008129e-001
6.666943970e+002;4.126397371e-001
6.669270020e+002;-2.316740341e-002
6.671596680e+002;1.279168725e-001
6.673923340e+002;8.436927199e-002
6.676250000e+002;-9.726020694e-002
6.678576660e+002;-1.331302822e-001
6.680903320e+002;8.611951023e-002
6.683230591e+002;1.176128909e-001
6.685557251e+002;-1.163385063e-001
6.687884521e+002;-1.129516289e-001
6.690211792e+002;1.751414686e-001
6.692539673e+002;-6.252286583e-002
6.694866943e+002;-7.120216638e-002
6.697194214e+002;-8.861003816e-002
6.699522095e+002;2.476838082e-001
6.701849976e+002;3.702933788e-001
6.704177856e+002;-4.792778194e-002
6.706505737e+002;7.080764323e-002
6.708834229e+002;3.002531268e-002
6.711162109e+002;-9.625457227e-002
6.713490601e+002;-8.264040202e-002
6.715819092e+002;-1.397215277e-001
6.718147583e+002;1.453432441e-001
6.720476074e+002;1.045314148e-001
6.722805176e+002;1.550107030e-003
6.725134277e+002;-3.320035711e-002
6.727462769e+002;-3.447511047e-002
6.729791870e+002;-1.277952343e-001
6.732120972e+002;1.123325005e-001
6.734450684e+002;-9.048929065e-002
6.736779785e+002;1.906195879e-001
6.739109497e+002;2.272978052e-002
6.741439209e+002;1.411501765e-001
6.743768921e+002;1.386600435e-001
6.746098633e+002;6.018594280e-002
6.748428345e+002;6.557442714e-003
6.750758667e+002;-9.686709382e-003
6.753088379e+002;-1.587759852e-001
6.755418701e+002;1.156212911e-001
6.757749023e+002;1.070375666e-001
6.760079346e+002;-1.224343386e-002
6.762410278e+002;-1.127890572e-001
6.764740601e+002;1.096548885e-001
6.767071533e+002;2.923715860e-002
6.769402466e+002;3.176199272e-002
6.771733398e+002;4.938410223e-002
6.774064331e+002;6.201495230e-002
6.776395874e+002;2.834206447e-003
6.778726807e+002;-2.703634202e-001
6.781058350e+002;1.388449967e-001
6.783389893e+002;5.948712304e-002
6.785721436e+002;-8.536829054e-002
6.788052979e+002;-2.048504502e-001
6.790385132e+002;4.091313574e-003
6.792716675e+002;-2.134964317e-001
6.795048828e+002;-1.442523003e-001
6.797380981e+002;5.431295931e-002
6.799713135e+002;8.821137995e-002
6.802045288e+002;-1.127042770e-001
6.804378052e+002;-9.737096727e-003
6.806710205e+002;-6.497931480e-002
6.809042969e+002;-1.740993559e-001
6.811375732e+002;2.324234396e-001
6.813708496e+002;-1.840209812e-001
6.816041260e+002;-1.095452905e-002
6.818374634e+002;1.367753446e-001
6.820707397e+002;6.527701765e-002
6.823040771e+002;-6.088158488e-002
6.825374146e+002;-4.334392771e-002
6.827707520e+002;-1.518001705e-001
6.830041504e+002;1.125091463e-001
6.832374878e+002;-4.829876125e-002
6.834708862e+002;-1.305445135e-001
6.837042236e+002;-5.070574954e-002
6.839376221e+002;1.444457620e-001
6.841710815e+002;-1.175615862e-001
6.844044800e+002;-1.148448735e-001
6.846378784e+002;2.526806295e-001
6.848713379e+002;-1.084783226e-001
6.851047974e+002;1.387563050e-001
6.853382568e+002;-2.106340230e-001
6.855717163e+002;2.620531432e-002
6.858051758e+002;3.367353976e-001
6.860386963e+002;-1.424958855e-001
6.862721558e+002;9.748285264e-002
6.865056763e+002;1.415416747e-001
6.867391968e+002;-2.422236465e-002
6.869727173e+002;1.215408966e-001
6.872062988e+002;-1.306148767e-001
6.874398193e+002;1.127874926e-001
6.876734009e+002;4.407116175e-001
6.879069824e+002;-9.760269523e-002
6.881405640e+002;-3.882031143e-002
6.883741455e+002;-6.208857894e-002
6.886077271e+002;-4.126656801e-002
6.888413696e+002;1.494465172e-001
6.890749512e+002;-9.135328233e-002
6.893085938e+002;-1.555925328e-002
6.895422363e+002;-1.432945020e-002
6.897758789e+002;1.733042598e-001
6.900095825e+002;-6.059562415e-002
6.902432251e+002;3.197603300e-002
6.904769287e+002;1.147248223e-001
6.907106323e+002;-8.731484413e-002
6.909443359e+002;-1.771246046e-001
6.911780396e+002;1.144433394e-001
6.914117432e+002;-1.525874436e-001
6.916454468e+002;-1.464224011e-001
6.918792114e+002;5.962667614e-002
6.921129761e+002;-2.993325889e-002
6.923467407e+002;-1.313892901e-001
6.925805054e+002;1.113059595e-001
6.928142700e+002;1.161227673e-001
6.930480957e+002;1.402620673e-001
6.932819214e+002;-2.084235251e-001
6.935156860e+002;-6.843075156e-002
6.937495117e+002;4.009129480e-002
6.939833984e+002;2.343428731e-001
6.942172241e+002;-1.130909398e-001
6.944510498e+002;-8.420107514e-002
6.946849365e+002;1.984407008e-001
6.949188232e+002;3.022450837e-004
6.951527100e+002;3.645716310e-001
6.953865967e+002;-1.619079411e-001
6.956204834e+002;-1.763149947e-001
6.958544312e+002;-1.268477589e-001
6.960883179e+002;-6.393602490e-002
6.963222656e+002;-1.343851686e-001
6.965562134e+002;1.059568375e-001
6.967901611e+002;3.189598024e-002
6.970241089e+002;3.560700640e-002
6.972581177e+002;3.473719656e-001
6.974921265e+002;-1.797324419e-002
6.977260742e+002;6.734061241e-002
6.979600830e+002;-5.826678500e-002
6.981940918e+002;1.468356252e-001
6.984281616e+002;4.427858815e-002
6.986621704e+002;1.434084326e-001
6.988962402e+002;-7.322946191e-002
6.991303101e+002;4.947588220e-002
6.993643188e+002;4.828280583e-002
6.995984497e+002;1.135884076e-001
6.998325195e+002;-8.964622021e-002
7.000665894e+002;-2.932022139e-002
7.003007202e+002;-1.715228111e-001
7.005348511e+002;1.984134912e-001
7.007689209e+002;2.990808189e-001
7.010031128e+002;-1.509314924e-001
7.012372437e+002;1.397600956e-002
7.014713745e+002;8.606274426e-002
7.017055664e+002;2.091178149e-001
7.019396973e+002;-3.329607844e-001
7.021738892e+002;-9.660977870e-002
7.024080811e+002;-9.312560433e-004
7.026423340e+002;-1.584553719e-001
7.028765259e+002;5.239988491e-002
7.031107788e+002;-4.063260555e-002
7.033449707e+002;2.163115591e-001
7.035792236e+002;-1.705587283e-002
7.038134766e+002;-1.485127211e-001
7.040477295e+002;4.773111343e-001
7.042820435e+002;1.611730158e-001
7.045162964e+002;1.154573113e-001
7.047506104e+002;-8.886310458e-002
7.049849243e+002;-1.371082067e-001
7.052192383e+002;1.392336935e-002
7.054535522e+002;9.679342061e-002
7.056878662e+002;1.487493068e-001
7.059222412e+002;2.058447748e-001
7.061565552e+002;2.060655951e-001
7.063909302e+002;1.540436298e-001
7.066253052e+002;6.507204380e-003
7.068596802e+002;-1.484585702e-001
7.070941162e+002;-5.423732102e-002
7.073284912e+002;-3.566760942e-002
7.075629272e+002;3.754917905e-002
7.077973022e+002;4.383230954e-002
7.080317383e+002;1.235091984e-001
7.082661743e+002;2.769872732e-002
7.085006714e+002;-9.307249635e-002
7.087351074e+002;-1.215028111e-002
7.089696045e+002;-1.256949455e-001
7.092040405e+002;-1.446634978e-001
7.094385376e+002;-7.461492717e-002
7.096730347e+002;2.364385128e-001
7.099075928e+002;1.566068828e-001
7.101420898e+002;1.342391521e-001
7.103765869e+002;-1.662750542e-001
7.106111450e+002;-5.362464115e-002
7.108457031e+002;-1.703255475e-001
7.110802612e+002;2.438032925e-001
7.113148193e+002;1.938210726e-001
7.115494385e+002;-6.631387025e-002
7.117839966e+002;1.198575571e-001
7.120186157e+002;-9.808284044e-002
7.122532349e+002;1.291379035e-001
7.124878540e+002;1.154523790e-001
7.127224731e+002;3.384443820e-001
7.129570923e+002;-9.743445367e-002
7.131917114e+002;1.071345806e-001
7.134263916e+002;-2.021165043e-001
7.136610718e+002;-9.403345734e-002
7.138957520e+002;-1.821814328e-001
7.141304321e+002;1.586875170e-001
7.143651123e+002;-1.660579145e-001
7.145998535e+002;2.055670321e-001
7.148345337e+002;3.210286086e-004
7.150692749e+002;-1.720610708e-001
7.153040161e+002;-1.116837710e-001
7.155387573e+002;5.830170959e-002
7.157734985e+002;-1.390665323e-001
7.160082397e+002;4.165384546e-002
7.162430420e+002;-1.496473551e-001
7.164777832e+002;2.127165049e-001
7.167125854e+002;1.199121960e-002
7.169473877e+002;3.511386812e-001
7.171821899e+002;2.163899243e-001
7.174170532e+002;-8.833393455e-002
7.176518555e+002;-7.545396686e-002
7.178867188e+002;1.584984064e-001
7.181215820e+002;-8.211743832e-002
7.183564453e+002;7.503687590e-002
7.185913086e+002;3.708075359e-002
7.188261719e+002;1.842934936e-001
7.190610352e+002;6.347197294e-002
7.192959595e+002;-2.525672019e-001
7.195308838e+002;-2.279149443e-001
7.197658081e+002;-6.178316846e-002
7.200007324e+002;1.499056369e-001
7.202356567e+002;-1.547328830e-001
7.204705811e+002;-1.574513763e-001
7.207055664e+002;3.749146685e-002
7.209404907e+002;-1.072399020e-001
7.211754761e+002;-3.952648863e-002
7.214104614e+002;2.695717290e-002
7.216454468e+002;3.254227042e-001
7.218804932e+002;-1.451215148e-001
7.221154785e+002;2.927343249e-001
7.223505249e+002;-2.338688355e-003
7.225855103e+002;-1.147079021e-001
7.228205566e+002;1.448751688e-001
7.230556030e+002;2.578395791e-002
7.232907104e+002;-1.440949552e-002
7.235257568e+002;3.260258138e-001
7.237608032e+002;1.614388078e-001
7.239959106e+002;-5.746801943e-002
7.242310181e+002;3.028284060e-003
7.244661255e+002;4.076794907e-002
7.247012329e+002;6.240220740e-002
7.249364014e+002;1.272705346e-001
7.251715088e+002;-1.335200667e-001
7.254066772e+002;-4.293560237e-002
7.256417847e+002;1.086442545e-001
7.258769531e+002;4.086771905e-001
7.261121216e+002;3.431148455e-002
7.263473511e+002;-3.367334977e-002
7.265825195e+002;-1.793862879e-001
7.268177490e+002;-2.066876143e-001
7.270529175e+002;-1.673537344e-001
7.272881470e+002;1.203024909e-001
7.275233765e+002;-7.607498020e-002
7.277586060e+002;-1.307802349e-001
7.279938965e+002;-1.144766882e-001
7.282291260e+002;-1.063207164e-001
7.284644165e+002;-1.333781239e-002
7.286997070e+002;-4.072859883e-002
7.289349976e+002;1.333844215e-001
7.291702881e+002;1.540163010e-001
7.294055786e+002;-4.217721149e-002
7.296408691e+002;1.183194220e-001
7.298762207e+002;-7.928258926e-002
7.301115723e+002;8.142242581e-002
7.303469238e+002;-7.807138562e-002
7.305822754e+002;-1.617136411e-002
7.308176270e+002;4.444340989e-002
7.310529785e+002;-2.642286122e-001
7.312883911e+002;9.991787374e-003
7.315237427e+002;1.848973483e-001
7.317591553e+002;1.722307643e-003
7.319945679e+002;3.658938110e-001
7.322299805e+002;6.930138916e-002
7.324653931e+002;-4.927232116e-002
7.327008667e+002;2.113454640e-001
7.329362793e+002;-2.107569277e-001
7.331717529e+002;4.516622424e-001
7.334072266e+002;7.765656710e-002
7.336427002e+002;-8.655776829e-002
7.338781738e+002;-1.237655431e-001
7.341136475e+002;-1.444910318e-001
7.343491821e+002;-2.257436216e-001
7.345847168e+002;-6.549771875e-003
7.348201904e+002;2.653264254e-002
7.350557251e+002;1.231015250e-001
7.352912598e+002;2.833634913e-001
7.355268555e+002;1.051731408e-001
7.357623901e+002;-1.706825197e-001
7.359979858e+002;-2.189224809e-001
7.362335205e+002;-1.196127832e-001
7.364691162e+002;-1.624415815e-001
7.367047119e+002;5.859314930e-003
7.369403076e+002;-8.377399296e-002
7.371759033e+002;1.383249164e-001
7.374115601e+002;-1.515994668e-001
7.376472168e+002;2.503223121e-001
7.378828125e+002;-7.013770193e-002
7.381184692e+002;-1.071746554e-002
7.383541260e+002;1.166200116e-001
7.385897827e+002;-3.013374843e-002
7.388255005e+002;1.126179397e-001
7.390611572e+002;-2.739323303e-002
7.392968750e+002;3.877277970e-001
7.395325928e+002;-9.825658798e-002
7.397683105e+002;6.150014326e-002
7.400040283e+002;3.788223490e-002
7.402397461e+002;-5.252242461e-002
7.404755249e+002;-4.277594760e-002
7.407112427e+002;-2.609956823e-002
7.409470215e+002;1.646189392e-001
7.411828003e+002;7.557958364e-002
7.414185791e+002;7.973243296e-002
7.416543579e+002;-2.572909892e-001
7.418901367e+002;-4.702973366e-002
7.421259766e+002;-3.283614218e-001
7.423617554e+002;-1.471394151e-001
7.425975952e+002;-2.053567953e-002
7.428334351e+002;-1.500346065e-001
7.430692749e+002;-2.227371484e-001
7.433051147e+002;2.739918530e-001
7.435410156e+002;-6.807901710e-002
7.437768555e+002;3.537647426e-001
7.440127563e+002;-3.255034983e-001
7.442486572e+002;2.522164583e-001
7.444845581e+002;-1.924194582e-002
7.447204590e+002;-1.243355423e-001
7.449563599e+002;4.662510008e-002
7.451922607e+002;1.744704992e-001
7.454282227e+002;5.091547221e-002
7.456641846e+002;1.859295517e-001
7.459000854e+002;-1.373162866e-002
7.461360474e+002;9.054171294e-002
7.463720703e+002;9.773116559e-002
7.466080322e+002;2.896906435e-001
7.468439941e+002;-1.902533174e-001
7.470800171e+002;-1.451805979e-001
7.473160400e+002;-1.681693941e-001
7.475520630e+002;2.342210561e-001
7.477880859e+002;3.299219534e-002
7.480241089e+002;2.845454514e-001
7.482601318e+002;4.730788246e-002
7.484962158e+002;-1.804878265e-001
7.487322388e+002;2.567928135e-001
7.489683228e+002;-3.814629093e-002
7.492044067e+002;6.037942693e-002
7.494404907e+002;3.325612098e-002
7.496765747e+002;1.063541919e-001
7.499127197e+002;2.524923682e-001
7.501488037e+002;1.251568049e-001
7.503849487e+002;1.855495423e-001
7.506210938e+002;1.796198427e-003
7.508572388e+002;-2.610951066e-001
7.510933838e+002;-2.695290744e-002
7.513295288e+002;7.372622937e-002
7.515656738e+002;-2.457920611e-001
7.518018799e+002;-2.266096883e-002
7.520380859e+002;-8.898128569e-002
7.522742310e+002;-2.463524044e-001
7.525104370e+002;4.693271127e-003
7.527467041e+002;-9.788382053e-002
7.529829102e+002;-1.978072971e-001
7.532191162e+002;-5.428264849e-003
7.534553833e+002;4.642265737e-001
7.536916504e+002;-5.442354362e-003
7.539278564e+002;-2.175816745e-001
7.541641235e+002;3.816911206e-002
7.544004517e+002;3.966438025e-002
7.546367188e+002;-1.263802946e-001
7.548729858e+002;4.409705848e-002
7.551093140e+002;1.069097593e-001
7.553456421e+002;1.826963387e-003
7.555819702e+002;1.643458456e-001
7.558182983e+002;3.297304036e-003
7.560546265e+002;3.539913595e-001
7.562909546e+002;-5.103299394e-002
7.565273438e+002;-1.289264113e-001
7.567636719e+002;1.694778502e-001
7.570000610e+002;-1.511444896e-001
7.572364502e+002;-1.865667105e-001
7.574728394e+002;-4.383967817e-002
7.577092285e+002;1.021721810e-001
7.579456177e+002;-2.966143489e-001
7.581820679e+002;-4.252330586e-002
7.584185181e+002;-1.018119380e-001
7.586549072e+002;8.931978792e-002
7.588913574e+002;-1.065074950e-001
7.591278076e+002;-1.743885502e-002
7.593642578e+002;-1.893999241e-002
7.596007690e+002;-2.137455791e-001
7.598372192e+002;8.218073845e-002
7.600737305e+002;9.717041999e-002
7.603102417e+002;-4.880766198e-002
7.605467529e+002;-7.125643641e-002
7.607832642e+002;-8.596335538e-003
7.610197754e+002;-7.586570829e-002
7.612562866e+002;-3.334686756e-001
7.614928589e+002;1.800665557e-001
7.617293701e+002;4.981512204e-002
7.619659424e+002;-2.050503194e-001
7.622025146e+002;2.148855180e-001
7.624390869e+002;-7.314376533e-002
7.626757202e+002;-2.233772725e-001
7.629122925e+002;2.602201700e-001
7.631488647e+002;2.497887313e-001
7.633854980e+002;-1.575701386e-001
7.636221313e+002;-2.570576966e-001
7.638587646e+002;2.834161520e-001
7.640953979e+002;2.296435088e-002
7.643320313e+002;-1.500460953e-001
7.645686646e+002;-2.209338397e-001
7.648053589e+002;-4.176708683e-002
7.650420532e+002;1.782764047e-001
7.652786865e+002;-1.143100858e-001
7.655153809e+002;-1.099043638e-001
7.657520752e+002;-2.566477060e-001
7.659888306e+002;9.465510957e-003
7.662255249e+002;2.277196348e-001
7.664622803e+002;2.734065950e-001
7.666989746e+002;1.294105798e-001
7.669357300e+002;7.972127758e-003
7.671724854e+002;1.946730316e-001
7.674092407e+002;1.509033591e-001
7.676459961e+002;3.994098306e-002
7.678828125e+002;-3.009185381e-002
7.681195679e+002;-1.486325450e-002
7.683563843e+002;-5.765170604e-002
7.685931396e+002;-2.348259687e-001
7.688299561e+002;3.626516759e-001
7.690667725e+002;2.849333882e-001
7.693036499e+002;-2.309678942e-001
7.695404663e+002;1.076895520e-001
7.697772827e+002;9.096182883e-002
7.700141602e+002;-3.750172853e-001
7.702510376e+002;5.585617572e-002
7.704879150e+002;-3.221047819e-001
7.707247925e+002;-2.409112900e-001
7.709616699e+002;5.302640051e-002
7.711985474e+002;-9.267104417e-002
7.714354858e+002;8.110203594e-002
7.716723633e+002;5.353425145e-001
7.719093018e+002;7.508182526e-002
7.721462402e+002;-2.412667722e-001
7.723831787e+002;2.224866673e-002
7.726201172e+002;-1.043018252e-001
7.728571167e+002;-7.156221569e-002
7.730940552e+002;-3.878365457e-002
7.733310547e+002;-3.725285828e-002
7.735679932e+002;2.469158322e-001
7.738049927e+002;-9.237474948e-002
7.740419922e+002;-1.381500661e-001
7.742789917e+002;1.265386194e-001
7.745160522e+002;1.014717519e-001
7.747530518e+002;3.559814068e-003
7.749901123e+002;5.909611657e-002
7.752271729e+002;4.088294804e-001
7.754641724e+002;-2.337501943e-001
7.757012329e+002;1.635350846e-002
7.759382935e+002;-2.777829766e-001
7.761754150e+002;1.782492846e-001
7.764124756e+002;-3.973283991e-002
7.766495972e+002;1.487033814e-002
7.768866577e+002;-7.371314615e-002
7.771237793e+002;-1.916058064e-001
7.773609009e+002;8.936032653e-002
7.775980225e+002;2.403121293e-001
7.778352051e+002;6.051596999e-002
7.780723267e+002;-1.070661992e-001
7.783094482e+002;-3.386640176e-002
7.785466309e+002;1.459856778e-001
7.787838135e+002;-1.896557361e-001
7.790209961e+002;-7.346320152e-002
7.792581787e+002;4.484377801e-002
7.794953613e+002;-6.395195425e-002
7.797325439e+002;9.468723834e-002
7.799697876e+002;2.078678459e-001
7.802070313e+002;1.052216142e-001
7.804442139e+002;-9.126063436e-002
7.806814575e+002;-1.383938938e-001
7.809187012e+002;-5.993346870e-002
7.811559448e+002;-1.055085361e-001
7.813932495e+002;2.648997009e-001
7.816304932e+002;-2.630426884e-001
7.818677979e+002;-1.062852740e-001
7.821051025e+002;1.634080261e-001
7.823423462e+002;3.171778023e-001
7.825796509e+002;-2.861368097e-002
7.828170166e+002;1.631029248e-001
7.830543213e+002;7.594268024e-002
7.832916260e+002;-9.890520014e-003
7.835289917e+002;1.076809131e-002
7.837662964e+002;1.973657608e-001
7.840036621e+002;1.060880721e-001
7.842410278e+002;-2.039455250e-002
7.844783936e+002;-1.456539780e-001
7.847158203e+002;1.787507907e-002
7.849531860e+002;5.288556591e-002
7.851905518e+002;-4.337029532e-002
7.854279785e+002;2.410269231e-001
7.856654053e+002;4.445563629e-002
7.859028320e+002;3.286700845e-001
7.861402588e+002;4.227619767e-001
7.863776855e+002;-4.086118042e-001
7.866151123e+002;-2.036240101e-001
7.868526001e+002;9.476791322e-002
7.870900269e+002;3.090926409e-001
7.873275146e+002;-2.638115548e-002
7.875650024e+002;1.097845137e-001
7.878024902e+002;8.310192078e-002
7.880399780e+002;-1.202187166e-001
7.882774658e+002;-3.316679895e-001
7.885150146e+002;7.833415270e-002
7.887525024e+002;-5.584109575e-002
7.889900513e+002;5.211434364e-001
7.892276001e+002;4.840781689e-001
7.894651489e+002;-3.034046590e-001
7.897026978e+002;2.433792129e-002
7.899402466e+002;-3.976523280e-001
7.901777954e+002;-1.898992062e-001
7.904154053e+002;-1.644297838e-001
7.906529541e+002;5.433737487e-002
7.908905640e+002;4.662784338e-001
7.911281738e+002;-1.789550632e-001
7.913657837e+002;-1.100734845e-001
7.916033936e+002;9.257855266e-002
7.918410645e+002;1.059683710e-001
7.920786743e+002;2.118585706e-001
7.923162842e+002;4.812150896e-001
7.925539551e+002;1.199644431e-001
7.927916260e+002;1.947816275e-002
7.930292969e+002;-8.337921649e-002
7.932669678e+002;8.114460856e-003
7.935046387e+002;-1.830782145e-001
7.937423706e+002;2.455746531e-001
7.939800415e+002;9.447540343e-002
7.942177734e+002;-3.605575860e-001
7.944554443e+002;1.907871962e-001
7.946931763e+002;-1.668705791e-001
7.949309082e+002;-4.469281733e-001
7.951687012e+002;1.047620773e-001
7.954064331e+002;1.552851647e-001
7.956441650e+002;1.322672814e-001
7.958819580e+002;-3.638340905e-002
7.961197510e+002;5.327513218e-001
7.963574829e+002;3.665463626e-001
7.965952759e+002;-1.942856908e-001
7.968330688e+002;-2.766709328e-001
7.970709229e+002;-9.913134575e-002
7.973087158e+002;4.160371050e-002
7.975465088e+002;2.592764199e-001
7.977843628e+002;-2.154742628e-001
7.980222168e+002;4.149831235e-001
7.982600708e+002;-5.658225343e-002
7.984979248e+002;1.894906461e-001
7.987357788e+002;1.620443612e-001
7.989736328e+002;9.712938219e-002
7.992115479e+002;7.943272591e-002
7.994494019e+002;4.704903066e-001
7.996873169e+002;-2.011611909e-001
7.999252319e+002;-2.919725180e-001
8.001630859e+002;-1.004436538e-001
8.004010620e+002;1.528553665e-001
8.006389771e+002;-2.129016258e-002
8.008768921e+002;2.243444622e-001
8.011148682e+002;4.882923365e-001
8.013527832e+002;6.513782740e-001
8.015907593e+002;1.158265173e-001
8.018287354e+002;-3.500924706e-001
8.020667114e+002;-4.502163529e-001
8.023046875e+002;6.486119702e-003
8.025426636e+002;-3.370328844e-001
8.027806396e+002;1.865384132e-001
8.030186768e+002;-2.355022915e-002
8.032567139e+002;2.896810472e-001
8.034946899e+002;1.212347522e-001
8.037327271e+002;8.709947020e-002
8.039707642e+002;3.194282353e-001
8.042088013e+002;5.059496034e-004
8.044468994e+002;5.879597664e-001
8.046849365e+002;1.268554945e-002
8.049230347e+002;2.385263890e-001
8.051610718e+002;7.076247334e-001
8.053991699e+002;-9.125953913e-002
8.056372681e+002;-1.546711624e-001
8.058753662e+002;1.803524047e-001
8.061134644e+002;3.259331286e-001
8.063516235e+002;3.124808148e-002
8.065897217e+002;-1.553189754e-001
8.068278809e+002;1.462912709e-001
8.070659790e+002;-1.043237373e-001
8.073041382e+002;2.431919724e-001
8.075422974e+002;1.640693426e+000
8.077804565e+002;-2.816600502e-001
8.080186768e+002;8.770538494e-003
8.082568359e+002;1.704253443e-002
8.084949951e+002;-2.765248716e-001
8.087332153e+002;-3.017964363e-001
8.089714355e+002;-2.379079312e-001
8.092096558e+002;-2.362521291e-001
8.094478760e+002;-1.036341861e-001
8.096860962e+002;4.635465443e-001
8.099243164e+002;2.140548825e-002
8.101625366e+002;-5.595881492e-002
8.104008179e+002;1.262200028e-001
8.106390991e+002;1.242661253e-001
8.108773193e+002;1.098498404e-001
8.111156006e+002;-4.016739726e-001
8.113538818e+002;-2.124419510e-001
8.115922241e+002;-7.337289304e-002
8.118305054e+002;1.740093380e-001
8.120687866e+002;-4.398004338e-002
8.123071289e+002;-5.038081855e-002
8.125454102e+002;4.780848511e-003
8.127837524e+002;-3.970281482e-001
8.130220947e+002;-1.441716105e-001
8.132604370e+002;-5.701802298e-002
8.134987793e+002;-3.048285246e-001
8.137371826e+002;5.245249271e-001
8.139755249e+002;2.338247746e-001
8.142139282e+002;-3.470789790e-001
8.144522705e+002;5.430663377e-002
8.146906738e+002;-9.211587161e-002
8.149290771e+002;9.553070366e-002
8.151674805e+002;4.380099848e-002
8.154058838e+002;1.780754626e-001
8.156443481e+002;-2.227140069e-001
8.158827515e+002;2.309148610e-001
8.161212158e+002;-2.781382203e-001
8.163596191e+002;-3.769077659e-001
8.165980835e+002;-2.291124761e-001
8.168365479e+002;2.986616790e-001
8.170750122e+002;3.673549891e-001
8.173134766e+002;-2.017948329e-001
8.175520020e+002;5.350522324e-002
8.177904663e+002;1.132779345e-001
8.180289917e+002;3.818443790e-002
8.182675171e+002;-2.789171040e-001
8.185059814e+002;3.050493300e-001
8.187445068e+002;1.837286539e-002
8.189830322e+002;-3.053231239e-001
8.192216187e+002;-2.231430858e-001
8.194601440e+002;2.267010212e-001
8.196986694e+002;6.562896073e-002
8.199372559e+002;2.366282493e-001
8.201758423e+002;4.259057045e-001
8.204144287e+002;9.582304396e-003
8.206530151e+002;-1.915227473e-001
8.208916016e+002;-1.755408198e-002
8.211301880e+002;2.999695837e-001
8.213687744e+002;-4.151668847e-001
8.216074219e+002;-5.401958153e-002
8.218460083e+002;-7.004848123e-002
8.220846558e+002;-2.344787419e-001
8.223233032e+002;4.511025250e-001
8.225619507e+002;-4.483014643e-001
8.228005981e+002;-2.221937627e-001
8.230392456e+002;2.868583659e-003
8.232778931e+002;-3.372546732e-001
8.235166016e+002;-1.352009028e-001
8.237552490e+002;1.482364088e-001
8.239939575e+002;-1.732309931e-003
8.242326660e+002;-8.275149018e-002
8.244713745e+002;-3.009907007e-001
8.247100830e+002;3.480489731e+000
8.249487915e+002;5.124146342e-001
8.251875610e+002;1.101998836e-001
8.254262695e+002;2.389495522e-001
8.256650391e+002;5.201407075e-001
8.259037476e+002;-1.757084276e-003
8.261425171e+002;8.036232740e-002
8.263812866e+002;-1.943418384e-001
8.266200562e+002;3.379052281e-001
8.268588257e+002;2.086251825e-001
8.270976563e+002;4.798967391e-002
8.273364258e+002;-4.264177680e-001
8.275752563e+002;2.969648456e-003
8.278140259e+002;-2.419047207e-001
8.280528564e+002;3.742326200e-001
8.282916870e+002;-1.375793666e-001
8.285305176e+002;-3.094806969e-001
8.287693481e+002;-1.133182738e-002
8.290081787e+002;4.616251290e-001
8.292470703e+002;5.320697278e-002
8.294859009e+002;-1.718515009e-001
8.297247925e+002;-3.543627560e-001
8.299636841e+002;-6.261138320e-001
8.302025757e+002;1.953350604e-001
8.304414673e+002;1.185302138e-001
8.306803589e+002;3.980561197e-001
8.309192505e+002;3.165698349e-001
8.311582031e+002;-8.152911067e-002
8.313970947e+002;-4.371457696e-001
8.316360474e+002;1.699018329e-001
8.318749390e+002;-4.714333713e-001
8.321138916e+002;4.181980714e-002
8.323528442e+002;4.676396027e-002
8.325917969e+002;-1.380598545e-001
8.328308105e+002;8.578985184e-002
8.330697632e+002;2.807604671e-001
8.333087769e+002;5.027549863e-001
8.335477295e+002;-1.457677335e-001
8.337867432e+002;-3.703720570e-001
8.340257568e+002;1.911288649e-001
8.342647705e+002;6.421562284e-002
8.345037842e+002;1.377011091e-001
8.347427979e+002;4.612480402e-001
8.349818115e+002;-1.660707444e-001
8.352208862e+002;1.184397414e-001
8.354598999e+002;-5.591386557e-002
8.356989746e+002;6.457365304e-002
8.359380493e+002;-2.111767083e-001
8.361771240e+002;3.556124568e-001
8.364161987e+002;2.056823671e-001
8.366552734e+002;-2.243337631e-001
8.368943481e+002;5.276899934e-001
8.371334839e+002;-1.919748820e-002
8.373725586e+002;5.362530351e-001
8.376116943e+002;1.172883362e-001
8.378508301e+002;3.009961843e-001
8.380899048e+002;3.510817885e-001
8.383290405e+002;1.001729295e-001
8.385682373e+002;7.285272330e-002
8.388073730e+002;6.799712777e-002
8.390465088e+002;-2.067412138e-001
8.392857056e+002;3.131782115e-001
8.395248413e+002;-4.943519458e-002
8.397640381e+002;-2.045606673e-001
8.400032349e+002;1.483024359e-001
8.402424316e+002;-1.548235714e-001
8.404816284e+002;-3.199068084e-002
8.407208252e+002;4.078527540e-002
8.409600220e+002;2.325134724e-002
8.411992798e+002;-4.194194674e-001
8.414384766e+002;-2.409400046e-001
8.416777344e+002;1.012423933e-001
8.419169922e+002;-3.691059053e-001
8.421562500e+002;1.918557733e-001
8.423955078e+002;2.419665754e-001
8.426347656e+002;1.571755297e-002
8.428740234e+002;2.825855017e-001
8.431133423e+002;-1.448451448e-002
8.433526001e+002;2.627541423e-001
8.435919189e+002;-9.458844550e-003
8.438311768e+002;6.617539525e-001
8.440704956e+002;7.786402702e-001
8.443098145e+002;-2.850854099e-001
8.445491333e+002;-1.207744926e-001
8.447885132e+002;2.184200734e-001
8.450278320e+002;5.381612778e-001
8.452671509e+002;-1.848326176e-001
8.455065308e+002;1.277960241e-001
8.457459106e+002;-1.725755185e-001
8.459852295e+002;-2.743715234e-002
8.462246094e+002;6.190804765e-002
8.464639893e+002;6.672186852e-001
8.467033691e+002;7.054463029e-001
8.469428101e+002;-3.141341507e-001
8.471821899e+002;-1.760311425e-001
8.474216309e+002;3.924285173e-001
8.476610107e+002;7.977263331e-001
8.479004517e+002;1.347803604e-002
8.481398926e+002;5.375785828e-001
8.483793335e+002;4.425323009e-001
8.486187744e+002;-1.716550887e-001
8.488582153e+002;1.602377892e-001
8.490976563e+002;-3.499311209e-001
8.493371582e+002;2.326944321e-001
8.495765991e+002;-3.374453783e-001
8.498161011e+002;3.005318940e-001
8.500556030e+002;-8.221589029e-002
8.502950439e+002;-7.777923346e-001
8.505345459e+002;2.785316110e-001
8.507741089e+002;2.762773335e-001
8.510136108e+002;8.140280098e-002
8.512531128e+002;-5.674718693e-002
8.514926758e+002;-1.350849271e-001
8.517321777e+002;2.386667132e-001
8.519717407e+002;4.360898137e-001
8.522113037e+002;2.430258319e-002
8.524508667e+002;-3.889769614e-001
8.526904297e+002;2.880207598e-001
8.529299927e+002;-5.146698356e-001
8.531695557e+002;-3.142569959e-001
8.534091187e+002;2.021281719e-001
8.536487427e+002;2.238386124e-001
8.538883667e+002;6.037972569e-001
8.541279297e+002;6.954563260e-001
8.543675537e+002;1.473623663e-001
8.546071777e+002;3.720311821e-001
8.548468018e+002;-4.622493982e-001
8.550864258e+002;5.666142702e-001
8.553261108e+002;1.001123637e-001
8.555657349e+002;2.214510739e-001
8.558054199e+002;-4.065852761e-001
8.560450439e+002;-1.937945336e-001
8.562847290e+002;2.795410156e-001
8.565244141e+002;3.590400219e-001
8.567640991e+002;-3.995660543e-001
8.570037842e+002;-3.487960398e-001
8.572434692e+002;2.550501823e-001
8.574831543e+002;-5.315259099e-001
8.577229004e+002;-1.093029082e-001
8.579625854e+002;3.532734215e-001
8.582023315e+002;-4.384050071e-001
8.584420776e+002;2.027041316e-001
8.586818237e+002;3.361924887e-001
8.589215698e+002;4.090805650e-001
8.591613159e+002;-8.559140563e-002
8.594010620e+002;3.353769183e-001
8.596408081e+002;5.150424242e-001
8.598806152e+002;3.424918354e-001
8.601203613e+002;-7.717792410e-003
8.603601685e+002;4.565739036e-001
8.605999756e+002;2.038178295e-001
8.608397827e+002;-9.262920916e-002
8.610795898e+002;-3.426982164e-001
8.613193970e+002;-5.116940141e-001
8.615592041e+002;6.647458673e-002
8.617990112e+002;-2.116857171e-001
8.620388794e+002;-5.841755271e-001
8.622787476e+002;-1.467439085e-001
8.625185547e+002;2.705138624e-001
8.627584229e+002;-2.959555686e-001
8.629982910e+002;-1.971570775e-002
8.632381592e+002;2.176809311e-001
8.634780273e+002;-5.198574066e-001
8.637178955e+002;-1.821146756e-001
8.639578247e+002;1.366970688e-001
8.641976929e+002;2.082898617e-001
8.644376221e+002;-1.151968390e-001
8.646774902e+002;1.886096448e-001
8.649174194e+002;-3.730097115e-001
8.651573486e+002;1.445586085e-001
8.653972778e+002;1.366562843e+000
8.656372070e+002;3.228984773e-001
8.658771362e+002;1.275843084e-001
8.661171265e+002;6.179893613e-001
8.663570557e+002;2.528515160e-001
8.665970459e+002;-3.281761706e-001
8.668370361e+002;-3.135707974e-001
8.670769653e+002;1.536964476e-001
8.673169556e+002;-5.088809729e-001
8.675569458e+002;3.180557489e-001
8.677969360e+002;-9.491021186e-002
8.680369873e+002;1.339567900e-001
8.682769775e+002;3.953194320e-001
8.685169678e+002;3.192371130e-002
8.687570190e+002;3.006204367e-001
8.689970703e+002;5.174524784e-001
8.692370605e+002;-8.632244542e-003
8.694771118e+002;5.072485209e-001
8.697171631e+002;-1.318667680e-001
8.699572754e+002;2.349032164e-001
8.701973267e+002;5.156234652e-002
8.704373779e+002;-1.512043178e-002
8.706774902e+002;-3.950333297e-001
8.709175415e+002;7.199773099e-003
8.711576538e+002;-3.295668066e-001
8.713977051e+002;5.155996680e-001
8.716378174e+002;2.338424139e-002
8.718779297e+002;-1.673186570e-001
8.721180420e+002;-1.546426713e-001
8.723582153e+002;8.218914866e-001
8.725983276e+002;1.701873541e-001
8.728384399e+002;-1.224885322e-002
8.730786133e+002;-1.237293109e-001
8.733187866e+002;5.364217758e-001
8.735588989e+002;-2.565287948e-001
8.737990723e+002;9.764601588e-001
8.740392456e+002;-1.084949300e-001
8.742794189e+002;2.800347209e-001
8.745195923e+002;-6.583169103e-002
8.747598267e+002;5.822835565e-001
8.750000000e+002;8.450407535e-002
8.752402344e+002;8.892684579e-001
8.754804077e+002;4.196315072e-003
8.757206421e+002;1.069039464e+000
8.759608765e+002;-1.242665872e-001
8.762011108e+002;-5.814697146e-001
8.764413452e+002;5.979871750e-001
8.766815796e+002;8.580329269e-002
8.769218140e+002;-3.257845044e-001
8.771621094e+002;-5.474596620e-001
8.774023438e+002;-3.268343508e-001
8.776426392e+002;8.988343924e-002
8.778828735e+002;2.854866087e-001
8.781231689e+002;-9.871342033e-002
8.783634644e+002;2.244344801e-001
8.786037598e+002;-6.467386335e-002
8.788440552e+002;-1.641886681e-002
8.790843506e+002;1.082340404e-001
8.793247070e+002;-1.308734715e-001
8.795650024e+002;3.026626706e-001
8.798053589e+002;1.129455771e-002
8.800456543e+002;-2.008273900e-001
8.802860107e+002;-4.413905442e-001
8.805263672e+002;-3.655022979e-001
8.807667236e+002;-1.702849567e-001
8.810070801e+002;-6.552162766e-002
8.812474365e+002;7.463727593e-001
8.814877930e+002;6.210148931e-001
8.817282104e+002;-3.418107331e-002
8.819685669e+002;-2.517904043e-001
8.822089844e+002;7.493656874e-001
8.824494019e+002;3.031687438e-001
8.826897583e+002;3.496734202e-001
8.829301758e+002;4.065091610e-001
8.831705933e+002;-3.798120841e-002
8.834110107e+002;5.246109366e-001
8.836514893e+002;-2.119523287e-001
8.838919067e+002;-6.171178818e-001
8.841323242e+002;-9.783622809e-003
8.843728027e+002;1.932052523e-001
8.846132813e+002;-1.666469574e-001
8.848536987e+002;6.573359370e-001
8.850941772e+002;-2.168041468e-001
8.853346558e+002;4.080842733e-001
8.855751343e+002;1.439198107e-001
8.858156738e+002;4.739955440e-002
8.860561523e+002;1.335226446e-001
8.862966309e+002;-5.116830468e-001
8.865371704e+002;8.618707061e-001
8.867776489e+002;9.670325518e-001
8.870181885e+002;-4.302034378e-001
8.872587280e+002;-3.860954940e-002
8.874992676e+002;3.892135918e-001
8.877398071e+002;3.821668029e-001
8.879803467e+002;3.791993856e-001
8.882208862e+002;-4.212309420e-001
8.884614258e+002;-2.157409191e-001
8.887020264e+002;2.035697997e-001
8.889425659e+002;-7.889864594e-002
8.891831665e+002;-2.352146953e-001
8.894237671e+002;-2.535481453e-001
8.896643677e+002;1.182240620e-002
8.899049072e+002;1.320342869e-001
8.901455688e+002;1.905991435e-001
8.903861694e+002;-3.458151221e-001
8.906267700e+002;9.629963636e-001
8.908673706e+002;-4.204823077e-001
8.911080322e+002;9.256680012e-001
8.913486328e+002;8.308278918e-001
8.915892944e+002;5.601561069e-002
8.918299561e+002;3.506349921e-001
8.920706177e+002;9.929147363e-001
8.923112793e+002;-6.341831684e-001
8.925519409e+002;1.820259690e-001
8.927926025e+002;-2.777566435e-003
8.930332642e+002;-2.328772545e-001
8.932739258e+002;1.682238579e-001
8.935146484e+002;-1.554506123e-001
8.937553711e+002;-5.869770050e-002
8.939960327e+002;1.838391721e-001
8.942367554e+002;-2.307256311e-001
8.944774780e+002;2.140827328e-001
8.947182007e+002;5.027237535e-001
8.949589233e+002;9.468268603e-002
8.951996460e+002;2.188225687e-001
8.954404297e+002;2.716054916e-001
8.956811523e+002;-4.424177706e-001
8.959218750e+002;-6.233051419e-001
8.961626587e+002;7.158115506e-001
8.964034424e+002;-5.562790632e-001
8.966442261e+002;6.979995370e-001
8.968849487e+002;2.009602040e-001
8.971257324e+002;-2.520461679e-001
8.973665771e+002;-4.446367547e-002
8.976073608e+002;-1.317720711e-001
8.978481445e+002;1.564385891e-001
8.980889282e+002;6.128255725e-001
8.983297729e+002;-6.043741703e-001
8.985706177e+002;9.538395680e-004
8.988114014e+002;-8.049330711e-001
8.990522461e+002;-1.939371675e-001
8.992930908e+002;2.347885221e-001
8.995339355e+002;3.693641424e-001
8.997747803e+002;-1.950558126e-001
9.000156250e+002;3.744313717e-001
9.002565308e+002;0.000000000e+000
9.004973755e+002;-0.000000000e+000
9.007382813e+002;-0.000000000e+000
9.009791260e+002;-0.000000000e+000
9.012200317e+002;0.000000000e+000
9.014609375e+002;0.000000000e+000
9.017018433e+002;-0.000000000e+000
9.019427490e+002;-0.000000000e+000
9.021836548e+002;-0.000000000e+000
9.024245605e+002;0.000000000e+000
9.026654663e+002;-0.000000000e+000
9.029064331e+002;0.000000000e+000
9.031473389e+002;0.000000000e+000
9.033883057e+002;0.000000000e+000
9.036292725e+002;0.000000000e+000
9.038701782e+002;-0.000000000e+000
9.041111450e+002;0.000000000e+000
9.043521118e+002;-0.000000000e+000
9.045930786e+002;0.000000000e+000
9.048341064e+002;0.000000000e+000
9.050750732e+002;-0.000000000e+000
9.053160400e+002;0.000000000e+000
9.055570679e+002;-0.000000000e+000
9.057980347e+002;0.000000000e+000
9.060390625e+002;-0.000000000e+000
9.062800903e+002;0.000000000e+000
9.065211182e+002;0.000000000e+000
9.067621460e+002;0.000000000e+000
9.070031738e+002;0.000000000e+000
9.072442017e+002;0.000000000e+000
9.074852295e+002;-0.000000000e+000
9.077263184e+002;-0.000000000e+000
9.079673462e+002;-0.000000000e+000
9.082084351e+002;-0.000000000e+000
9.084494629e+002;0.000000000e+000
9.086905518e+002;0.000000000e+000
9.089316406e+002;-0.000000000e+000
9.091727295e+002;-0.000000000e+000
9.094138184e+002;-0.000000000e+000
9.096549072e+002;-0.000000000e+000
9.098959961e+002;0.000000000e+000
9.101371460e+002;-0.000000000e+000
9.103782349e+002;0.000000000e+000
9.106193848e+002;0.000000000e+000
9.108604736e+002;-0.000000000e+000
9.111016235e+002;-0.000000000e+000
9.113427734e+002;0.000000000e+000
9.115839233e+002;0.000000000e+000
9.118250732e+002;-0.000000000e+000
9.120662231e+002;0.000000000e+000
9.123073730e+002;-0.000000000e+000
9.125485840e+002;0.000000000e+000
9.127897339e+002;-0.000000000e+000
9.130308838e+002;-0.000000000e+000
9.132720947e+002;0.000000000e+000
9.135133057e+002;-0.000000000e+000
9.137545166e+002;-0.000000000e+000
9.139956665e+002;0.000000000e+000
9.142368774e+002;-0.000000000e+000
9.144781494e+002;-0.000000000e+000
9.147193604e+002;-0.000000000e+000
9.149605713e+002;0.000000000e+000
9.152017822e+002;0.000000000e+000
9.154430542e+002;0.000000000e+000
9.156842651e+002;0.000000000e+000
9.159255371e+002;0.000000000e+000
9.161668091e+002;-0.000000000e+000
9.164080811e+002;-0.000000000e+000
9.166493530e+002;0.000000000e+000
9.168906250e+002;0.000000000e+000
9.171318970e+002;-0.000000000e+000
9.173731689e+002;0.000000000e+000
9.176144409e+002;0.000000000e+000
9.178557739e+002;0.000000000e+000
9.180970459e+002;-0.000000000e+000
9.183383789e+002;0.000000000e+000
9.185797119e+002;0.000000000e+000
9.188209839e+002;-0.000000000e+000
9.190623169e+002;-0.000000000e+000
9.193036499e+002;0.000000000e+000
9.195449829e+002;-0.000000000e+000
9.197863159e+002;0.000000000e+000
9.200277100e+002;0.000000000e+000
9.202690430e+002;0.000000000e+000
9.205103760e+002;0.000000000e+000
9.207517700e+002;-0.000000000e+000
9.209931641e+002;0.000000000e+000
9.212344971e+002;0.000000000e+000
9.214758911e+002;0.000000000e+000
9.217172852e+002;0.000000000e+000
9.219586792e+002;-0.000000000e+000
9.222000732e+002;-0.000000000e+000
9.224414673e+002;-0.000000000e+000
9.226829224e+002;0.000000000e+000
9.229243164e+002;-0.000000000e+000
9.231657715e+002;0.000000000e+000
9.234071655e+002;0.000000000e+000
9.236486206e+002;0.000000000e+000
9.238900757e+002;-0.000000000e+000
9.241314697e+002;0.000000000e+000
9.243729248e+002;-0.000000000e+000
9.246143799e+002;0.000000000e+000
9.248558960e+002;0.000000000e+000
9.250973511e+002;0.000000000e+000
9.253388062e+002;0.000000000e+000
9.255802612e+002;0.000000000e+000
9.258217773e+002;-0.000000000e+000
9.260632935e+002;-0.000000000e+000
9.263047485e+002;-0.000000000e+000
9.265462646e+002;0.000000000e+000
9.267877808e+002;0.000000000e+000
9.270292969e+002;0.000000000e+000
9.272708130e+002;0.000000000e+000
9.275123291e+002;-0.000000000e+000
9.277538452e+002;-0.000000000e+000
9.279953613e+002;0.000000000e+000
9.282369385e+002;0.000000000e+000
9.284784546e+002;-0.000000000e+000
9.287200317e+002;-0.000000000e+000
9.289616089e+002;0.000000000e+000
9.292031250e+002;-0.000000000e+000
9.294447021e+002;0.000000000e+000
9.296862793e+002;0.000000000e+000
9.299278564e+002;-0.000000000e+000
9.301694336e+002;-0.000000000e+000
9.304110718e+002;0.000000000e+000
9.306526489e+002;0.000000000e+000
9.308942261e+002;-0.000000000e+000
9.311358643e+002;-0.000000000e+000
9.313774414e+002;0.000000000e+000
9.316190796e+002;0.000000000e+000
9.318607178e+002;0.000000000e+000
9.321023560e+002;0.000000000e+000
9.323439941e+002;0.000000000e+000
9.325856323e+002;-0.000000000e+000
9.328272705e+002;0.000000000e+000
9.330689087e+002;0.000000000e+000
9.333105469e+002;-0.000000000e+000
9.335522461e+002;-0.000000000e+000
9.337938843e+002;0.000000000e+000
9.340355835e+002;-0.000000000e+000
9.342772827e+002;-0.000000000e+000
9.345189209e+002;-0.000000000e+000
9.347606201e+002;-0.000000000e+000
9.350023193e+002;0.000000000e+000
9.352440186e+002;0.000000000e+000
9.354857178e+002;0.000000000e+000
9.357274170e+002;0.000000000e+000
9.359691772e+002;0.000000000e+000
9.362108765e+002;0.000000000e+000
9.364526367e+002;0.000000000e+000
9.366943359e+002;0.000000000e+000
9.369360962e+002;-0.000000000e+000
9.371777954e+002;0.000000000e+000
9.374195557e+002;-0.000000000e+000
9.376613159e+002;0.000000000e+000
9.379030762e+002;-0.000000000e+000
9.381448364e+002;0.000000000e+000
9.383865967e+002;-0.000000000e+000
9.386284180e+002;-0.000000000e+000
9.388701782e+002;-0.000000000e+000
9.391119995e+002;0.000000000e+000
9.393537598e+002;-0.000000000e+000
9.395955811e+002;0.000000000e+000
9.398373413e+002;-0.000000000e+000
9.400791626e+002;0.000000000e+000
9.403209839e+002;0.000000000e+000
9.405628052e+002;0.000000000e+000
9.408046265e+002;0.000000000e+000
9.410464478e+002;0.000000000e+000
9.412882690e+002;-0.000000000e+000
9.415301514e+002;-0.000000000e+000
9.417719727e+002;0.000000000e+000
9.420138550e+002;0.000000000e+000
9.422556763e+002;0.000000000e+000
9.424975586e+002;0.000000000e+000
9.427394409e+002;-0.000000000e+000
9.429812622e+002;0.000000000e+000
9.432231445e+002;0.000000000e+000
9.434650269e+002;0.000000000e+000
9.437069092e+002;-0.000000000e+000
9.439488525e+002;0.000000000e+000
9.441907349e+002;0.000000000e+000
9.444326172e+002;-0.000000000e+000
9.446745605e+002;0.000000000e+000
9.449164429e+002;0.000000000e+000
9.451583862e+002;-0.000000000e+000
9.454003296e+002;0.000000000e+000
9.456422119e+002;-0.000000000e+000
9.458841553e+002;-0.000000000e+000
9.461260986e+002;-0.000000000e+000
9.463680420e+002;-0.000000000e+000
9.466099854e+002;0.000000000e+000
9.468519897e+002;-0.000000000e+000
9.470939331e+002;-0.000000000e+000
9.473358765e+002;0.000000000e+000
9.475778809e+002;0.000000000e+000
9.478198242e+002;-0.000000000e+000
9.480618286e+002;0.000000000e+000
9.483038330e+002;0.000000000e+000
9.485457764e+002;0.000000000e+000
9.487877808e+002;0.000000000e+000
9.490297852e+002;-0.000000000e+000
9.492717896e+002;0.000000000e+000
9.495138550e+002;0.000000000e+000
9.497558594e+002;-0.000000000e+000
9.499978638e+002;0.000000000e+000
9.502398682e+002;0.000000000e+000
9.504819336e+002;-0.000000000e+000
9.507239990e+002;-0.000000000e+000
9.509660034e+002;0.000000000e+000
9.512080688e+002;0.000000000e+000
9.514501343e+002;-0.000000000e+000
9.516921997e+002;0.000000000e+000
9.519342651e+002;-0.000000000e+000
9.521763306e+002;0.000000000e+000
9.524183960e+002;0.000000000e+000
9.526604614e+002;-0.000000000e+000
9.529025269e+002;0.000000000e+000
9.531446533e+002;0.000000000e+000
9.533867188e+002;-0.000000000e+000
9.536288452e+002;-0.000000000e+000
9.538709717e+002;0.000000000e+000
9.541130371e+002;0.000000000e+000
9.543551636e+002;0.000000000e+000
9.545972900e+002;0.000000000e+000
9.548394165e+002;0.000000000e+000
9.550815430e+002;-0.000000000e+000
9.553236694e+002;-0.000000000e+000
9.555658569e+002;-0.000000000e+000
9.558079834e+002;0.000000000e+000
9.560501099e+002;0.000000000e+000
9.562922974e+002;0.000000000e+000
9.565344238e+002;0.000000000e+000
9.567766113e+002;-0.000000000e+000
9.570187988e+002;-0.000000000e+000
9.572609863e+002;0.000000000e+000
9.575031128e+002;-0.000000000e+000
9.577453003e+002;-0.000000000e+000
9.579874878e+002;0.000000000e+000
9.582297363e+002;-0.000000000e+000
9.584719238e+002;-0.000000000e+000
9.587141113e+002;0.000000000e+000
9.589563599e+002;0.000000000e+000
9.591985474e+002;0.000000000e+000
9.594407959e+002;0.000000000e+000
9.596829834e+002;-0.000000000e+000
9.599252319e+002;-0.000000000e+000
9.601674805e+002;0.000000000e+000
9.604097290e+002;-0.000000000e+000
9.606519775e+002;-0.000000000e+000
9.608942261e+002;0.000000000e+000
9.611364746e+002;0.000000000e+000
9.613787231e+002;-0.000000000e+000
9.616209717e+002;0.000000000e+000
9.618632813e+002;0.000000000e+000
9.621055298e+002;-0.000000000e+000
9.623478394e+002;-0.000000000e+000
9.625900879e+002;0.000000000e+000
9.628323975e+002;-0.000000000e+000
9.630747070e+002;-0.000000000e+000
9.633170166e+002;-0.000000000e+000
9.635592651e+002;-0.000000000e+000
9.638015747e+002;-0.000000000e+000
9.640439453e+002;0.000000000e+000
9.642862549e+002;0.000000000e+000
9.645285645e+002;0.000000000e+000
9.647708740e+002;-0.000000000e+000
9.650132446e+002;-0.000000000e+000
9.652555542e+002;0.000000000e+000
9.654979248e+002;0.000000000e+000
9.657402344e+002;-0.000000000e+000
9.659826050e+002;-0.000000000e+000
9.662249756e+002;0.000000000e+000
9.664673462e+002;0.000000000e+000
9.667097168e+002;0.000000000e+000
9.669520874e+002;0.000000000e+000
9.671944580e+002;0.000000000e+000
9.674368286e+002;-0.000000000e+000
9.676792603e+002;-0.000000000e+000
9.679216309e+002;0.000000000e+000
9.681640015e+002;-0.000000000e+000
9.684064331e+002;0.000000000e+000
9.686488037e+002;0.000000000e+000
9.688912354e+002;0.000000000e+000
9.691336670e+002;0.000000000e+000
9.693760986e+002;0.000000000e+000
9.696185303e+002;0.000000000e+000
9.698609619e+002;0.000000000e+000
9.701033936e+002;-0.000000000e+000
9.703458252e+002;0.000000000e+000
9.705882568e+002;0.000000000e+000
9.708306885e+002;0.000000000e+000
9.710731812e+002;-0.000000000e+000
9.713156128e+002;0.000000000e+000
9.715581055e+002;-0.000000000e+000
9.718005371e+002;0.000000000e+000
9.720430298e+002;-0.000000000e+000
9.722855225e+002;-0.000000000e+000
9.725280151e+002;0.000000000e+000
9.727705078e+002;-0.000000000e+000
9.730130005e+002;-0.000000000e+000
9.732554932e+002;0.000000000e+000
9.734979858e+002;0.000000000e+000
9.737404785e+002;-0.000000000e+000
9.739829712e+002;-0.000000000e+000
9.742255249e+002;0.000000000e+000
9.744680176e+002;0.000000000e+000
9.747105713e+002;0.000000000e+000
9.749530640e+002;-0.000000000e+000
9.751956177e+002;0.000000000e+000
9.754381714e+002;0.000000000e+000
9.756807251e+002;0.000000000e+000
9.759232788e+002;-0.000000000e+000
9.761658325e+002;-0.000000000e+000
9.764083862e+002;-0.000000000e+000
9.766509399e+002;-0.000000000e+000
9.768934937e+002;0.000000000e+000
9.771361084e+002;0.000000000e+000
9.773786621e+002;-0.000000000e+000
9.776212158e+002;0.000000000e+000
9.778638306e+002;0.000000000e+000
9.781064453e+002;-0.000000000e+000
9.783489990e+002;0.000000000e+000
9.785916138e+002;0.000000000e+000
9.788342285e+002;0.000000000e+000
9.790768433e+002;-0.000000000e+000
9.793194580e+002;0.000000000e+000
9.795620728e+002;0.000000000e+000
9.798046875e+002;0.000000000e+000
9.800473022e+002;-0.000000000e+000
9.802899170e+002;-0.000000000e+000
9.805325928e+002;0.000000000e+000
9.807752075e+002;-0.000000000e+000
9.810178833e+002;-0.000000000e+000
9.812604980e+002;-0.000000000e+000
9.815031738e+002;-0.000000000e+000
9.817458496e+002;0.000000000e+000
9.819885254e+002;0.000000000e+000
9.822311401e+002;0.000000000e+000
9.824738159e+002;-0.000000000e+000
9.827164917e+002;0.000000000e+000
9.829592285e+002;0.000000000e+000
9.832019043e+002;-0.000000000e+000
9.834445801e+002;0.000000000e+000
9.836872559e+002;0.000000000e+000
9.839299927e+002;0.000000000e+000
9.841726685e+002;0.000000000e+000
9.844154053e+002;-0.000000000e+000
9.846580811e+002;-0.000000000e+000
9.849008179e+002;0.000000000e+000
9.851435547e+002;-0.000000000e+000
9.853862915e+002;0.000000000e+000
9.856290283e+002;-0.000000000e+000
9.858717651e+002;0.000000000e+000
9.861145020e+002;0.000000000e+000
9.863572388e+002;0.000000000e+000
9.865999756e+002;0.000000000e+000
9.868427124e+002;-0.000000000e+000
9.870855103e+002;0.000000000e+000
9.873282471e+002;-0.000000000e+000
9.875710449e+002;0.000000000e+000
9.878137817e+002;-0.000000000e+000
9.880565796e+002;0.000000000e+000
9.882993774e+002;-0.000000000e+000
9.885421753e+002;-0.000000000e+000
9.887849121e+002;0.000000000e+000
9.890277100e+002;-0.000000000e+000
9.892705078e+002;-0.000000000e+000
9.895133057e+002;-0.000000000e+000
9.897561646e+002;-0.000000000e+000
9.899989624e+002;-0.000000000e+000
9.902417603e+002;-0.000000000e+000
9.904846191e+002;0.000000000e+000
9.907274170e+002;-0.000000000e+000
9.909702759e+002;0.000000000e+000
9.912130737e+002;-0.000000000e+000
9.914559326e+002;0.000000000e+000
9.916987915e+002;-0.000000000e+000
9.919415894e+002;-0.000000000e+000
9.921844482e+002;0.000000000e+000
9.924273071e+002;-0.000000000e+000
9.926701660e+002;0.000000000e+000
9.929130249e+002;-0.000000000e+000
9.931558838e+002;-0.000000000e+000
9.933988037e+002;-0.000000000e+000
9.936416626e+002;0.000000000e+000
9.938845215e+002;-0.000000000e+000
9.941274414e+002;0.000000000e+000
9.943703003e+002;-0.000000000e+000
9.946132202e+002;-0.000000000e+000
9.948561401e+002;0.000000000e+000
9.950989990e+002;0.000000000e+000
9.953419189e+002;-0.000000000e+000
9.955848389e+002;0.000000000e+000
9.958277588e+002;-0.000000000e+000
9.960706787e+002;0.000000000e+000
9.963135986e+002;-0.000000000e+000
9.965565186e+002;0.000000000e+000
9.967994385e+002;0.000000000e+000
9.970424194e+002;0.000000000e+000
9.972853394e+002;0.000000000e+000
9.975283203e+002;0.000000000e+000
9.977712402e+002;0.000000000e+000
9.980142212e+002;0.000000000e+000
9.982571411e+002;0.000000000e+000
9.985001221e+002;0.000000000e+000
9.987431030e+002;0.000000000e+000
9.989860840e+002;0.000000000e+000
9.992290649e+002;-0.000000000e+000
9.994719849e+002;-0.000000000e+000
9.997150269e+002;0.000000000e+000
9.999580078e+002;0.000000000e+000
1.000200989e+003;-0.000000000e+000
1.000443970e+003;0.000000000e+000
1.000686951e+003;-0.000000000e+000
1.000929993e+003;0.000000000e+000
1.001172974e+003;-0.000000000e+000
1.001416016e+003;0.000000000e+000
1.001658997e+003;0.000000000e+000
1.001902039e+003;0.000000000e+000
1.002145081e+003;-0.000000000e+000
1.002388123e+003;0.000000000e+000
1.002631165e+003;-0.000000000e+000
1.002874207e+003;-0.000000000e+000
1.003117249e+003;0.000000000e+000
1.003360291e+003;-0.000000000e+000
1.003603333e+003;-0.000000000e+000
1.003846375e+003;-0.000000000e+000
1.004089417e+003;0.000000000e+000
1.004332520e+003;0.000000000e+000
1.004575562e+003;0.000000000e+000
1.004818665e+003;-0.000000000e+000
1.005061707e+003;-0.000000000e+000
1.005304810e+003;-0.000000000e+000
1.005547852e+003;0.000000000e+000
1.005790955e+003;-0.000000000e+000
1.006034058e+003;0.000000000e+000
1.006277161e+003;-0.000000000e+000
1.006520264e+003;0.000000000e+000
1.006763367e+003;0.000000000e+000
1.007006470e+003;0.000000000e+000
1.007249573e+003;-0.000000000e+000
1.007492676e+003;-0.000000000e+000
1.007735840e+003;-0.000000000e+000
1.007978943e+003;0.000000000e+000
1.008222107e+003;0.000000000e+000
1.008465210e+003;-0.000000000e+000
1.008708374e+003;0.000000000e+000
1.008951477e+003;-0.000000000e+000
1.009194641e+003;-0.000000000e+000
1.009437805e+003;0.000000000e+000
1.009680969e+003;-0.000000000e+000
1.009924072e+003;0.000000000e+000
1.010167236e+003;-0.000000000e+000
1.010410400e+003;0.000000000e+000
1.010653564e+003;-0.000000000e+000
1.010896790e+003;0.000000000e+000
1.011139954e+003;0.000000000e+000
1.011383118e+003;0.000000000e+000
1.011626343e+003;-0.000000000e+000
1.011869507e+003;-0.000000000e+000
1.012112671e+003;0.000000000e+000
1.012355896e+003;0.000000000e+000
1.012599121e+003;0.000000000e+000
1.012842285e+003;0.000000000e+000
1.013085510e+003;0.000000000e+000
1.013328735e+003;0.000000000e+000
1.013571960e+003;-0.000000000e+000
1.013815186e+003;-0.000000000e+000
1.014058411e+003;-0.000000000e+000
1.014301636e+003;0.000000000e+000
1.014544861e+003;-0.000000000e+000
1.014788086e+003;-0.000000000e+000
1.015031311e+003;0.000000000e+000
1.015274597e+003;-0.000000000e+000
1.015517822e+003;-0.000000000e+000
1.015761047e+003;0.000000000e+000
1.016004333e+003;-0.000000000e+000
1.016247620e+003;0.000000000e+000
1.016490845e+003;-0.000000000e+000
1.016734131e+003;0.000000000e+000
1.016977417e+003;-0.000000000e+000
1.017220642e+003;0.000000000e+000
1.017463928e+003;-0.000000000e+000
1.017707214e+003;0.000000000e+000
1.017950500e+003;0.000000000e+000
1.018193787e+003;-0.000000000e+000
1.018437134e+003;0.000000000e+000
1.018680420e+003;-0.000000000e+000
1.018923706e+003;0.000000000e+000
1.019166992e+003;0.000000000e+000
1.019410339e+003;0.000000000e+000
1.019653625e+003;-0.000000000e+000
1.019896973e+003;-0.000000000e+000
1.020140259e+003;0.000000000e+000
1.020383606e+003;0.000000000e+000
1.020626953e+003;-0.000000000e+000
1.020870300e+003;-0.000000000e+000
1.021113586e+003;0.000000000e+000
1.021356934e+003;0.000000000e+000
1.021600281e+003;-0.000000000e+000
1.021843628e+003;-0.000000000e+000
1.022086975e+003;-0.000000000e+000
1.022330383e+003;-0.000000000e+000
1.022573730e+003;0.000000000e+000
1.022817078e+003;0.000000000e+000
1.023060425e+003;-0.000000000e+000
1.023303833e+003;0.000000000e+000
1.023547180e+003;0.000000000e+000
1.023790588e+003;-0.000000000e+000
1.024033936e+003;-0.000000000e+000
1.024277344e+003;-0.000000000e+000
1.024520752e+003;-0.000000000e+000
1.024764160e+003;-0.000000000e+000
1.025007568e+003;-0.000000000e+000
1.025250977e+003;-0.000000000e+000
1.025494385e+003;-0.000000000e+000
1.025737793e+003;-0.000000000e+000
1.025981201e+003;-0.000000000e+000
[EndOfFile]
